0	0	0
12.337611056268509	6.571428571428571	13.054384017758046
15.225186766275346	9.073170731707316	15.815204678362573
16.64271255060729	9.795918367346939	17.396629213483145
19.592708333333334	13.592592592592593	20.353286384976524
35.75530839231547	34.73684210526316	35.86353467561521
21.624869383490072	15.93421052631579	22.11577752553916
19.654387865655472	15.37190082644628	20.300498753117207
22.959100204498977	15.90625	23.726757369614514
25.235943775100402	20.641666666666666	25.865296803652967
25.81269191402252	14.471153846153847	27.163802978235967
25.66923076923077	16.4	26.68658536585366
25.302997858672377	13.876404494382022	26.506508875739645
26.796808510638296	16.123595505617978	27.91304347826087
22.24119530416222	14.733333333333333	23.188701923076923
21.081466395112017	14.851851851851851	21.851258581235697
24.780104712041886	15.917355371900827	26.065947242206235
25.339958158995817	15.804347826086957	26.355324074074073
22.19409282700422	14.323232323232324	23.111896348645466
22.692139737991265	14.336538461538462	23.76231527093596
29.5005500550055	17.36	31.43622448979592
28.08042328042328	14.017699115044248	29.990384615384617
29.015217391304347	10.36734693877551	31.238442822384428
21.51746031746032	12.496062992125983	22.918092909535453
27.20276953511375	9.548076923076923	29.227122381477397
28.050537634408602	12.191489361702128	29.833732057416267
24.78310740354536	8.576271186440678	27.05707491082045
27.336734693877553	10.777777777777779	29.581691772885282
27.0718954248366	8.514018691588785	29.52034525277435
23.666666666666668	11.564285714285715	25.64602803738318
22.36853448275862	11.017391304347827	23.974169741697416
21.979899497487438	10.183673469387756	24.024764150943398
23.174874371859296	10.977443609022556	25.056844547563806
21.739406779661017	8.21551724137931	23.634057971014492
24.867983367983367	11.233333333333333	26.811163895486935
20.586978636826043	8.5625	22.387134502923978
22.690355329949238	8.637096774193548	24.714285714285715
23.19140625	10.096774193548388	24.995555555555555
25.759533898305083	11.555555555555555	27.947432762836186
22.117521367521366	11.277310924369749	23.696450428396574
19.648327939590075	10.917431192660551	20.811735941320293
23.067073170731707	11.297709923664122	24.87456037514654
23.791208791208792	12.442953020134228	25.775821596244132
24.232106339468302	13.113821138211382	25.83157894736842
18.578125	8.950819672131148	19.979713603818617
17.363233665559246	8.23611111111111	19.09486166007905
17.386710239651418	8.918032786885245	18.684673366834172
22.311510031678985	10.183206106870228	24.25857843137255
20.51930894308943	11.171875	21.917056074766354
17.110778443113773	11.801282051282051	18.08983451536643
19.471370143149283	8.14074074074074	21.2858837485172
25.206286836935167	13.871794871794872	27.25754060324826
23.916069600818833	12.941605839416058	25.705952380952382
17.07563025210084	9.0	18.41003671970624
18.966	11.27536231884058	20.19721577726218
17.811135371179038	8.338345864661655	19.420178799489143
15.932865731462925	9.693251533742332	17.150898203592813
17.407894736842106	11.533333333333333	18.428571428571427
14.70264064293915	8.297297297297296	16.013831258644537
14.244274809160306	8.88888888888889	15.168797953964194
13.884691848906561	8.387096774193548	14.886016451233843
13.758767268862911	9.036496350364963	14.563432835820896
15.027027027027026	8.267175572519085	16.142317380352644
15.700305810397554	12.146853146853147	16.30668257756563
13.623931623931623	7.711538461538462	14.806410256410256
15.0	8.986577181208053	16.135614702154626
15.439330543933055	11.371621621621621	16.184405940594058
14.042137718396711	8.93661971830986	14.914560770156438
12.963880288957688	8.165605095541402	13.891625615763546
13.268839103869654	9.251533742331288	14.068376068376068
14.772481040086674	8.36875	16.115334207077325
17.469488188976378	12.095808383233534	18.526501766784452
16.193018480492814	10.386904761904763	17.403225806451612
16.806111696522656	10.285714285714286	17.868872549019606
17.818181818181817	11.027972027972028	18.995151515151516
19.673640167364017	12.88888888888889	20.78928136419001
17.80987394957983	10.28476821192053	19.228464419475657
15.286876907426246	9.898089171974522	16.311138014527845
17.724102564102566	10.167741935483871	19.152439024390244
12.913326110509209	8.625	13.867549668874172
13.400826446280991	8.635220125786164	14.337453646477131
14.88805166846071	7.580419580419581	16.217557251908396
14.647522522522523	7.546583850931677	16.220082530949107
16.555555555555557	9.20625	18.036523929471034
14.393595041322314	7.6390532544378695	15.822277847309136
15.929359823399558	8.0	17.390849673202613
13.795431976166832	8.676829268292684	14.791221826809016
13.152267818574513	8.242038216560509	14.154746423927179
15.33193717277487	9.331325301204819	16.59442332065906
14.159877800407331	9.076923076923077	15.119854721549636
15.715644820295983	12.801324503311259	16.269182389937107
14.952626158599383	10.96951219512195	15.762081784386616
16.814612868047984	10.716867469879517	18.162450066577897
18.532854209445585	12.298913043478262	19.98481012658228
16.906806282722513	10.346590909090908	18.388960205391527
16.648893360160965	9.298136645962733	18.069627851140456
19.61856710393542	9.43298969072165	22.097867001254706
19.39068825910931	11.211640211640212	21.32540675844806
16.772340425531915	11.113513513513514	18.158940397350992
16.55438225976769	10.310734463276836	17.98961038961039
17.573157315731574	12.175757575757576	18.77016129032258
17.747433264887064	11.185393258426966	19.214824120603016
15.993623804463336	11.31413612565445	17.185333333333332
16.16945812807882	9.059782608695652	17.743682310469314
16.187171398527866	10.122994652406417	17.671465968586386
17.685300207039337	11.314285714285715	19.09481668773704
15.810982048574445	9.877777777777778	17.203389830508474
20.03448275862069	12.674698795180722	21.579013906447535
15.321041214750542	9.427777777777777	16.750673854447438
14.533684210526316	9.137755102040817	15.936339522546419
16.06217616580311	10.86111111111111	17.254777070063696
17.502100840336134	9.741379310344827	19.237789203084834
16.502132196162048	8.957446808510639	18.393333333333334
19.014008620689655	10.694117647058823	20.87994722955145
19.586891757696126	10.397790055248619	21.60048426150121
17.33911159263272	12.020833333333334	18.735978112175104
17.384007897334648	9.614583333333334	19.200974421437273
22.570526315789472	11.179190751445086	25.10682110682111
17.26027397260274	9.654970760233919	18.931876606683804
19.760162601626018	10.535911602209945	21.839352428393525
16.437369519832984	11.0	17.835958005249346
17.67355821545158	10.229665071770334	19.864788732394366
19.20754716981132	9.339622641509434	21.32210242587601
20.835329341317365	11.470899470899472	23.01230012300123
15.946446961894953	9.990147783251231	17.520833333333332
16.13540621865597	10.594594594594595	17.397783251231527
15.552788844621514	9.689655172413794	17.038701622971285
14.444444444444445	9.504464285714286	15.839848675914249
15.459139784946236	9.057291666666666	17.124661246612465
17.380901287553648	12.835897435897436	18.583446404341927
15.420718816067653	9.310679611650485	17.12162162162162
17.220696937697994	12.034146341463414	18.653638814016173
14.237461617195496	9.220588235294118	15.561448900388099
15.97950377562028	10.269035532994923	17.52054794520548
15.633036597428289	11.347107438016529	16.98179453836151
17.31203407880724	10.573529411764707	19.182312925170066
14.724068479355488	10.231111111111112	16.040364583333332
15.274655355249205	10.850828729281767	16.325459317585302
15.819018404907975	10.678414096916299	17.3728362183755
17.743940990516332	12.25925925925926	19.360163710777627
16.359631147540984	10.293023255813953	18.07358738501971
18.45845552297165	11.283582089552239	20.212895377128955
18.108193277310924	10.775	20.05851063829787
17.08719052744887	12.33838383838384	18.3734610123119
18.597724922440538	8.952127659574469	20.925545571245188
18.046417759838548	12.26605504587156	19.676584734799484
16.390575916230368	10.297071129707113	18.424581005586592
17.55674102812803	14.008064516129032	18.680715197956577
16.517021276595745	10.669902912621358	18.158038147138964
16.698630136986303	9.252380952380953	18.814614343707714
15.564345991561181	9.720588235294118	17.166666666666668
15.031982942430703	10.617777777777778	16.424964936886397
16.693978282329713	11.638613861386139	17.953144266337855
17.022988505747126	11.0	18.675099866844207
15.297786720321932	9.20796460176991	17.08984375
14.895771878072763	10.552631578947368	16.15082382762991
14.758547008547009	11.68472906403941	15.609822646657571
13.881283422459893	9.429166666666667	15.418705035971223
16.42785065590313	13.151111111111112	17.390339425587467
14.878393051031487	9.94535519125683	16.101626016260163
14.8125	11.285714285714286	15.842530282637954
13.62090813093981	9.196581196581196	15.072931276297336
16.59578736208626	11.456140350877194	18.11963589076723
14.390396659707724	9.799212598425196	16.046875
15.725856697819315	11.844036697247706	16.861744966442952
16.47390841320554	11.352422907488986	18.10674157303371
13.696149843912591	9.074766355140186	15.02008032128514
15.329886246122028	12.680365296803654	16.105614973262032
15.204909284951974	11.948497854077253	16.282670454545453
12.360350492880613	8.733905579399142	13.602941176470589
16.594249201277954	11.86320754716981	17.973865199449794
14.731263383297645	10.349137931034482	16.17948717948718
15.92007992007992	12.630952380952381	17.026702269692922
14.002030456852792	10.042194092827005	15.256684491978609
13.123689727463312	8.076233183856502	14.663474692202463
15.978969505783386	13.242677824267782	16.89747191011236
15.037716615698267	11.97211155378486	16.09178082191781
14.739603960396039	10.736842105263158	16.035386631716907
15.505530973451327	12.712962962962964	16.382267441860463
13.724032586558044	9.847389558232932	15.040927694406548
15.237885462555067	11.506666666666666	16.46705710102489
14.593659942363113	10.637450199203187	15.850632911392404
16.05600814663951	10.75	17.848773841961854
16.3747591522158	13.253676470588236	17.48302872062663
14.835897435897436	10.658730158730158	16.291839557399722
13.15805785123967	8.991803278688524	14.562154696132596
14.433121019108281	9.273127753303966	16.071328671328672
19.0	15.504950495049505	19.968449931412895
16.77574370709382	13.214611872146119	17.96641221374046
16.40354535974974	11.271062271062272	18.44606413994169
15.522629310344827	9.854330708661417	17.658753709198812
15.872579001019368	10.751020408163265	17.577445652173914
17.32112970711297	12.721374045801527	19.05763688760807
15.852791878172589	10.552631578947368	17.449141347424042
16.25	12.450184501845019	17.662551440329217
15.80625	9.7625	17.820833333333333
18.42738589211618	15.88976377952756	19.335211267605633
16.966631908237748	14.64074074074074	17.878084179970973
15.887788778877887	10.110576923076923	17.601997146932952
17.526261585993822	11.876865671641792	19.679943100995732
16.862104187946883	12.745173745173744	18.343055555555555
18.319125683060108	12.763565891472869	20.50076103500761
17.050314465408807	11.571428571428571	19.326409495548962
17.28176229508197	10.729083665338646	19.55034482758621
17.457233368532208	13.614814814814816	18.98966026587888
16.23383620689655	11.794573643410853	17.943283582089553
17.866666666666667	12.797101449275363	19.786008230452676
18.80906148867314	14.503623188405797	20.634408602150536
18.582089552238806	14.492700729927007	20.26957831325301
18.95440414507772	14.008264462809917	20.609958506224068
16.09433962264151	9.874439461883409	18.140117994100294
16.657838983050848	12.269662921348315	18.38847858197932
14.231256599788807	10.236947791164658	15.656160458452723
17.473629782833505	12.58703071672355	19.597922848664687
16.01137538779731	11.341991341991342	17.476902173913043
17.477341389728096	14.162962962962963	18.715076071922546
18.857298474945534	16.293650793650794	19.82732732732733
14.351380042462845	12.724806201550388	14.964912280701755
13.731707317073171	10.801498127340825	14.88905325443787
14.70545073375262	10.940520446096654	16.183941605839415
14.96116504854369	12.306451612903226	15.93078055964654
18.84396467124632	17.733974358974358	19.333804809052335
17.430851063829788	15.333333333333334	18.199127906976745
14.26931330472103	11.454545454545455	15.447488584474886
18.18134171907757	17.592307692307692	18.402017291066283
18.127155172413794	17.510135135135137	18.41613924050633
15.436222005842259	12.565656565656566	16.604109589041094
15.958592132505176	12.279569892473118	17.45269286754003
20.055220883534137	19.93470790378007	20.104964539007092
14.731171548117155	13.354166666666666	15.324850299401197
16.754960317460316	13.78494623655914	17.891632373113854
16.362156663275687	14.02061855670103	17.346820809248555
15.948008849557523	12.398550724637682	17.50796178343949
19.3274244004171	17.21276595744681	20.208271787296898
13.992708333333333	12.40484429065744	14.676602086438152
15.353909465020577	14.721804511278195	15.592067988668555
13.816649104320337	11.6	14.74439461883408
16.469325153374232	14.37062937062937	17.33670520231214
17.617416829745597	14.528846153846153	18.974647887323943
13.915625	10.629496402877697	15.255131964809385
17.33261105092091	14.651162790697674	18.37293233082707
14.687891440501044	11.710344827586207	15.980538922155688
13.486486486486486	10.973597359735974	14.710610932475884
18.649789029535864	18.639455782312925	18.654434250764528
18.843450479233226	15.849315068493151	20.194744976816075
16.176063303659742	14.627118644067796	16.814245810055866
15.898197242841993	14.669354838709678	16.336690647482015
16.75	16.327402135231317	16.919885550786837
18.75704989154013	16.70342205323194	19.576631259484067
17.33160083160083	15.71985815602837	18.0
18.270526315789475	16.885714285714286	18.849253731343282
17.025691699604742	14.790625	18.059248554913296
20.639112903225808	18.418006430868168	21.65345080763583
16.908069458631257	15.813725490196079	17.40564635958395
19.968559837728193	18.909375	20.47747747747748
19.261316872427983	17.44336569579288	20.108597285067873
18.56078860898138	17.907801418439718	18.852614896988907
17.007314524555905	17.106529209621993	16.963963963963963
20.864277958740498	21.575438596491228	20.54559748427673
15.436649214659687	13.55719557195572	16.181286549707604
17.243951612903224	14.778846153846153	18.375
21.2749731471536	18.27777777777778	22.61741835147745
21.276439790575917	19.69283276450512	21.977341389728096
18.751685393258427	16.717391304347824	19.66612377850163
19.24625267665953	17.932692307692307	19.905144694533764
20.950836820083683	21.0	20.929003021148038
29.674050632911392	28.471875	30.286624203821656
20.288732394366196	20.398230088495577	20.23206106870229
22.623069001029865	22.643333333333334	22.614008941877795
25.952	26.08176100628931	25.89149560117302
22.630901287553648	22.58	22.65506329113924
17.52547770700637	15.167224080267559	18.622083981337482
23.405208333333334	25.03103448275862	22.70149253731343
18.41023069207623	15.75748502994012	19.74660633484163
20.607526881720432	19.53220338983051	21.107086614173227
24.53361344537815	23.504918032786886	25.01854714064915
20.394160583941606	17.692789968652036	21.740625
20.800213675213676	19.817891373801917	21.29373996789727
20.239551478083587	19.21875	20.73373676248109
23.566536203522507	24.869436201780417	22.925547445255475
22.954802259887007	20.475836431226767	24.037337662337663
22.905537459283387	21.236363636363638	23.61609907120743
18.55328310010764	16.577287066246058	19.576797385620914
23.16824395373291	23.32732732732733	23.08252427184466
21.742245989304813	20.295031055900623	22.502446982055464
26.712389380530972	26.97452229299363	26.572881355932203
20.51919191919192	20.454268292682926	20.551359516616316
23.275897435897434	21.320809248554912	24.35135135135135
23.40752688172043	22.36190476190476	23.943089430894307
23.538054968287526	23.046583850931675	23.791666666666668
18.68196371398079	18.36842105263158	18.846905537459282
25.03911735205617	24.525714285714287	25.316846986089644
22.623363544813696	20.373887240356083	23.778963414634145
22.486315789473686	19.881756756756758	23.665137614678898
24.93016194331984	21.45868945868946	26.843014128728413
19.877997914494266	19.076923076923077	20.28864353312303
21.716904276985744	20.1055900621118	22.503030303030304
26.986272439281944	28.043227665706052	26.375
28.055727554179565	25.47112462006079	29.384375
26.078516902944383	24.94407894736842	26.64110929853181
29.921608040201004	31.54705882352941	29.077862595419848
29.82980972515856	28.784565916398712	30.341732283464566
25.539445628997868	27.118971061093248	24.75598086124402
24.169398907103826	26.238532110091743	23.018707482993197
33.44491978609626	33.39017341040462	33.47707979626485
30.33437826541275	31.55786350148368	29.669354838709676
25.570696721311474	25.21359223300971	25.736131934032983
24.42348008385744	24.583870967741934	24.346273291925467
28.542490118577074	28.05722891566265	28.779411764705884
25.339321357285428	22.68611111111111	26.827102803738317
26.699600798403193	25.51081081081081	27.395569620253166
36.59870550161812	37.36094674556213	36.16129032258065
27.361197110423117	26.093939393939394	28.01564945226917
32.18658280922432	32.84	31.807947019867548
32.57216494845361	35.553892215568865	31.0062893081761
26.904761904761905	25.89908256880734	27.436893203883496
36.32601880877743	35.769470404984425	36.606918238993714
31.931650893796004	29.90960451977401	33.130653266331656
30.60625	29.908045977011493	31.00326797385621
41.34764826175869	44.421052631578945	39.39464882943144
32.640461215932916	35.339285714285715	31.173139158576053
38.52716297786721	38.55263157894737	38.513803680981596
24.3119918699187	22.262857142857143	25.44321766561514
35.720747295968536	34.78319783197832	36.254629629629626
34.18027571580063	37.31360946745562	32.429752066115704
35.8363252375924	30.138972809667674	38.89772727272727
27.268672199170126	27.045197740112993	27.398360655737704
44.288747346072185	50.2316715542522	40.91680532445923
33.47780126849894	33.81395348837209	33.285714285714285
37.103483606557376	35.967065868263475	37.69470404984423
36.36055143160127	36.478753541076486	36.28983050847457
33.313346228239844	32.9973474801061	33.49467275494673
33.59624876604146	33.450127877237854	33.68810289389067
37.29514963880289	38.13559322033898	36.81138211382114
34.35381565906838	33.930851063829785	34.60505529225908
44.5071283095723	40.20448179271709	46.9648
35.141749723145075	36.13513513513514	34.56140350877193
38.85273631840796	35.93905817174515	40.4860248447205
36.818361303060215	36.47883597883598	37.02047244094488
30.22222222222222	30.031413612565444	30.34390651085142
37.426791277258566	39.18055555555556	36.37976782752902
43.37513397642015	40.833787465940055	45.022968197879855
39.86632653061225	37.94088669950739	41.228222996515676
33.902231668437835	34.368852459016395	33.60521739130435
38.627682403433475	39.403458213256485	38.16752136752137
36.44145077720207	36.64507042253521	36.32295081967213
28.194833153928958	28.365994236311238	28.09278350515464
34.93285859613428	33.73190348525469	35.6672131147541
37.93839835728953	35.98421052631579	39.18855218855219
37.12815338042381	38.51449275362319	36.13344887348354
36.0683572216097	34.46	37.07899461400359
35.84243697478992	38.85194805194805	33.7989417989418
38.644710578842314	38.18826405867971	38.95952782462057
30.536956521739132	32.04105571847507	29.65112262521589
46.02884615384615	45.36857142857143	46.42320819112628
42.557003257328994	41.73487031700288	43.05400696864111
37.0	38.52617079889807	36.08126036484246
40.456725755995826	39.82960893854749	40.83028286189684
34.65899581589958	35.316326530612244	34.202127659574465
45.6	45.785353535353536	45.47538200339559
31.419186652763294	31.260752688172044	31.519591141396933
38.768191268191266	40.746928746928745	37.317117117117114
49.77673935617861	49.38563829787234	50.02725724020443
45.715455475946776	44.517857142857146	46.51794871794872
35.212788259958074	33.229426433915215	36.65099457504521
40.72523961661342	41.8218085106383	39.99289520426288
38.8440170940171	40.69973190348526	37.6145648312611
39.601900739176344	43.77628032345014	36.91319444444444
39.16506922257721	38.795	39.439703153988866
37.46169772256729	36.45346062052506	38.23400365630713
50.032679738562095	49.60742705570292	50.32902033271719
42.18034557235421	44.18586387434555	40.77205882352941
62.218848167539264	60.121588089330025	63.75
34.801867219917014	35.14355231143552	34.54792043399638
46.692387904066734	46.56476683937824	46.7783595113438
47.81444332998997	46.7487922705314	48.57118353344769
37.50805585392052	38.669333333333334	36.72482014388489
45.151057401812686	43.992628992628994	45.955631399317404
41.93333333333333	40.44502617801047	42.86842105263158
45.27435387673956	44.60191846522782	45.750424448217316
42.50439024390244	44.287058823529414	41.24166666666667
46.768343815513624	47.50636132315522	46.25133689839572
37.501063829787235	38.24802110817942	36.99643493761141
41.61579509071505	44.150485436893206	39.626666666666665
31.995987963891675	29.90556900726392	33.47431506849315
37.858500527983104	41.77835051546392	35.13774597495528
48.426791277258566	46.76142131979695	49.57996485061511
46.36315228966986	47.3325	45.64378478664193
37.13424947145877	35.97243107769424	37.981718464351005
38.81790437436419	39.90714285714286	38.00532859680284
34.83709016393443	34.02905569007264	35.42984014209591
41.07676969092722	39.951388888888886	41.928196147110334
40.329918032786885	38.9975	41.255208333333336
44.61060142711519	45.308411214953274	44.070524412296564
39.87350054525627	38.8041237113402	40.657844990548206
41.726886291179596	42.166666666666664	41.398886827458256
53.484048404840486	54.69408740359897	52.57884615384615
39.345705196182394	39.49873417721519	39.23540145985402
37.71327967806841	38.502262443438916	37.08152173913044
43.69797225186766	45.18598382749326	42.7226148409894
36.35031185031185	36.6	36.16087751371115
53.024109014675055	50.590123456790124	54.81967213114754
40.70502092050209	40.82903981264637	40.60491493383743
48.33780760626398	45.517412935323385	50.642276422764226
39.832618025751074	37.93667546174142	41.13200723327306
37.36354273944387	36.44675925925926	38.098330241187384
38.27954779033916	39.29256594724221	37.51978417266187
46.88810483870968	44.620535714285715	48.755514705882355
36.47871235721703	37.42892156862745	35.78018018018018
41.20392584514722	40.91586538461539	41.44311377245509
33.29959919839679	34.02422907488987	32.69485294117647
41.46365422396857	42.27045454545455	40.84948096885813
51.17259414225941	48.692671394799056	53.14071294559099
40.8990435706695	40.636150234741784	41.116504854368934
51.1395812562313	44.64192139737991	56.6
38.566602316602314	36.39823008849557	40.24486301369863
47.36760426770126	49.686230248307	45.62074829931973
42.70624360286592	43.99757281553398	41.76460176991151
43.27005076142132	43.81422018348624	42.837887067395265
42.16756176154672	41.16120906801007	42.91573033707865
46.31460674157304	43.89448441247002	48.11032028469751
42.04635108481262	41.86117136659436	42.2007233273056
40.386178861788615	42.103370786516855	38.968460111317256
53.498467824310524	52.45346062052506	54.28035714285714
48.146262188515706	50.334177215189875	46.509469696969695
38.1596548004315	38.17312661498708	38.15
39.440643863179076	38.22274881516588	40.33916083916084
41.16910229645094	41.60136674259681	40.80346820809248
45.23485653560043	45.72009029345372	44.803212851405625
42.66799601196411	44.56590909090909	41.184724689165186
47.31041666666667	47.17351598173516	47.42528735632184
37.61192468619247	37.45662100456621	37.74324324324324
41.20795107033639	41.4375	41.01500938086304
46.23880597014925	51.00714285714286	42.37258687258687
49.5169578622816	46.058035714285715	52.46857142857143
39.30506721820062	40.310267857142854	38.4373795761079
37.53474320241692	36.88008565310493	38.11596958174905
35.72450052576236	37.14726840855107	34.594339622641506
42.48583420776495	42.01495726495727	42.94020618556701
47.49336057201226	45.40167364016737	49.489021956087825
46.813141683778234	45.04357298474945	48.390291262135925
47.50905432595574	44.997757847533634	49.552919708029194
39.31340206185567	38.58086560364465	39.919020715630886
39.05045408678103	40.23006833712984	38.11231884057971
44.9	44.065934065934066	45.609345794392524
38.00510725229827	40.93103448275862	35.36893203883495
40.54037267080745	39.39139344262295	41.71338912133891
42.359538784067084	41.086560364464695	43.44466019417476
40.40779768177028	41.0990990990991	39.8
39.00419727177335	38.41818181818182	39.50682261208577
57.93487394957983	54.13288288288288	61.25787401574803
44.043103448275865	45.22727272727273	42.86909871244635
40.87672688629118	43.538636363636364	38.538922155688624
40.298792756539235	41.74298056155508	39.03954802259887
48.40843621399177	49.83913043478261	47.123046875
34.55690607734807	34.50349650349651	34.60504201680672
47.75706806282722	47.91466083150985	47.61244979919679
52.56649214659686	54.07900677200903	51.2578125
40.59722222222222	40.71521739130435	40.483193277310924
43.99089068825911	45.86046511627907	42.27378640776699
38.21095334685598	40.48608137044968	36.163776493256265
41.60834990059642	41.44493392070485	41.742753623188406
42.69762641898865	41.247933884297524	44.144329896907216
40.78006166495375	38.91101694915254	42.54091816367266
41.94285714285714	43.13465783664459	40.84552845528455
44.68613138686131	46.029535864978904	43.37319587628866
39.13030303030303	39.708510638297874	38.60769230769231
43.81083844580777	44.99367088607595	42.698412698412696
48.59299781181619	49.296460176991154	47.904761904761905
46.69718309859155	45.47865168539326	47.68488160291439
44.552660152008684	45.657015590200444	43.5021186440678
39.98678861788618	41.5859872611465	38.51851851851852
39.66398390342052	38.60084925690021	40.621414913957935
45.47983014861996	48.21881838074398	42.898969072164945
38.57288481141692	37.01271186440678	40.019646365422396
37.41412012644889	37.44565217391305	37.38445807770961
43.22280334728033	42.53512396694215	43.92796610169491
51.84095860566449	51.17913832199547	52.45283018867924
40.55114822546973	40.09730848861284	41.01263157894737
47.001020408163264	46.07280513918629	47.84600389863548
40.66107030430221	37.30296610169491	43.95634095634096
35.94005994005994	34.84158415841584	37.05846774193548
39.668067226890756	40.89342403628118	38.6105675146771
52.00631578947368	51.60964912280702	52.37246963562753
40.645161290322584	41.19551934826884	40.07021276595745
39.733333333333334	39.04635761589404	40.38574423480084
37.03680981595092	36.06930693069307	38.06976744186046
37.79481865284974	40.29540918163673	35.0948275862069
40.408591408591406	40.06095238095238	40.79201680672269
42.79589743589744	41.31663326653307	44.346638655462186
46.37093690248566	46.44980694980695	46.29356060606061
43.58799593082401	43.643968871595334	43.52665245202559
36.09319371727749	33.17596566523605	38.87321063394683
41.58492569002123	39.95757575757576	43.38702460850112
48.84771033013845	47.594882729211086	50.09787234042553
41.927567567567564	40.88937093275488	42.95905172413793
37.330376940133036	36.81637168141593	37.846666666666664
36.11974789915966	36.137339055793994	36.10288065843621
43.68730650154799	42.21516393442623	45.18087318087318
41.139959432048684	39.32595573440644	42.98364008179959
45.584349593495936	45.13939393939394	46.034764826175866
40.414046121593294	41.43700787401575	39.24887892376682
45.29135538954109	45.43271221532091	45.140969162995596
43.942477876106196	41.437086092715234	46.4589800443459
40.099260823653644	38.699588477366255	41.57483731019523
36.473015873015875	35.32692307692308	37.59748427672956
43.86	43.99650349650349	43.69665271966527
42.92901234567901	44.174257425742574	41.58244111349036
38.36836027713626	36.840262582056894	40.075794621026894
51.14565004887586	51.83712121212121	50.40808080808081
44.28815261044177	43.97537878787879	44.64102564102564
39.874468085106386	42.06054279749478	37.60303687635575
45.100102145045966	48.8130081300813	41.34907597535934
43.86891757696127	44.36397748592871	43.312236286919834
42.07079646017699	42.19114688128773	41.923832923832926
34.781083953241236	33.496919917864474	36.158590308370044
49.24747474747475	48.40909090909091	50.12396694214876
40.4300518134715	39.59454191033139	41.3783185840708
59.06777777777778	59.46764091858038	58.612826603325416
43.49743062692703	45.07839388145315	41.66
49.41304347826087	49.54094827586207	49.26829268292683
39.18181818181818	37.0	41.536263736263734
40.9413680781759	42.863070539419084	38.83143507972665
43.538216560509554	44.492063492063494	42.44063926940639
40.56107660455486	41.3663967611336	39.71822033898305
41.076396807297606	42.043196544276455	39.99516908212561
39.58767268862912	37.02348336594912	42.63488372093023
41.428282828282825	40.676587301587304	42.20781893004115
46.631198347107436	43.75139146567718	50.24941724941725
42.04239917269907	40.997979797979795	43.13771186440678
42.75	42.79296875	42.7
46.560079443892754	46.54249547920434	46.581497797356825
34.81519507186858	32.8724279835391	36.75
42.891949152542374	42.460194174757284	43.41025641025641
41.99470899470899	41.81925343811395	42.19954128440367
43.736392742796156	43.702	43.775743707093824
39.70866141732284	38.53707052441229	41.107991360691145
37.737864077669904	37.53154875717017	38.004950495049506
40.15010799136069	40.59519038076152	39.62997658079625
38.39958805355304	37.12915129151291	40.004662004662
49.99179487179487	51.992351816443595	47.676991150442475
42.981818181818184	43.00372439478585	42.95226130653266
38.4404296875	37.94690265486726	39.0479302832244
42.71858774662513	45.317738791423004	39.75555555555555
45.23110151187905	47.579567779960705	42.36450839328537
41.06107660455486	41.801587301587304	40.253246753246756
42.97263157894737	41.945283018867926	44.26904761904762
45.03978494623656	44.51606425702811	45.64351851851852
41.291754756871036	40.36245353159851	42.5171568627451
39.73603504928806	39.09722222222222	40.52322738386308
45.401849948612536	47.359767891682786	43.18201754385965
43.29504741833509	43.71747211895911	42.742092457420924
44.978	43.208728652751425	46.9492600422833
40.28768472906404	39.97080291970803	40.65952890792291
44.026812313803376	44.123636363636365	43.91028446389497
39.31534391534392	39.578066914498145	38.96805896805897
82.6223849372385	81.36192468619247	83.88284518828452
37.83196721311475	38.614100185528756	36.86727688787185
40.53838484546361	39.28622540250447	42.11486486486486
51.20858895705521	51.43470483005367	50.90692124105012
52.22095435684647	52.60727272727273	51.707729468599034
41.82722513089005	43.76190476190476	39.66518847006652
42.742349457058246	42.39543057996485	43.18693693693694
43.204469273743015	41.09330628803245	45.79353233830846
50.010989010989015	52.083941605839414	47.503311258278146
48.08791208791209	44.308510638297875	52.96567505720824
44.629946524064174	47.6986301369863	40.931603773584904
43.94179894179894	43.81669691470054	44.11675126903553
43.5557963163597	42.36648250460405	45.25526315789474
41.00430107526882	41.707360861759426	39.9544235924933
38.86643835616438	37.33935742971887	40.87830687830688
46.52325581395349	42.71869328493648	51.83037974683544
43.48680042238648	43.627450980392155	43.28238341968912
40.71235521235521	41.6396694214876	39.41067285382831
44.750261233019856	45.303326810176124	44.11659192825112
44.36024844720497	46.278276481149014	41.748166259168705
39.65291005291005	40.38120567375886	38.574803149606296
33.46719681908549	32.66776315789474	34.688442211055275
44.86652542372882	43.5188679245283	46.591787439613526
37.87460148777896	39.11702127659574	36.01591511936339
39.905965621840245	41.24680073126142	38.24660633484163
43.78810020876827	42.753649635036496	45.170731707317074
50.288693743139405	50.609756097560975	49.835978835978835
41.71341463414634	42.52753108348135	40.62470308788598
43.49331963001028	43.02135231316726	44.13868613138686
32.87199230028874	32.60162601626016	33.264150943396224
42.15572033898305	41.22080291970803	43.44949494949495
40.6417604912999	41.576530612244895	39.22879177377892
48.88577362409138	49.310536044362294	48.34123222748815
40.389296956977965	37.64684684684685	44.21356783919598
44.93839835728953	43.869026548672565	46.41564792176039
44.076600209863585	43.72	44.563275434243174
41.30095036958817	41.567474048442904	40.883468834688344
46.336161187698835	45.744227353463586	47.213157894736845
40.68074150360453	40.09386281588448	41.460431654676256
40.91984732824427	40.42043551088777	41.58093126385809
43.17887029288703	42.734432234432234	43.770731707317076
60.534412955465584	56.531879194630875	66.61989795918367
42.00196656833825	41.26003210272873	43.1751269035533
41.61224489795919	43.95614035087719	37.91135734072022
41.0765407554672	42.910189982728845	38.59016393442623
41.39823008849557	40.2224025974026	43.204488778054866
42.33505154639175	42.60344827586207	41.93589743589744
45.97957099080695	44.688468158347675	47.8643216080402
44.553212851405625	45.68438003220612	42.68
40.245385450597176	41.98217468805704	37.53888888888889
41.90270812437312	41.502546689303905	42.48039215686274
42.36622583926755	43.19015280135823	41.13451776649746
42.42536585365853	41.41585760517799	43.958230958230956
53.947476828012356	54.794117647058826	52.70229007633588
38.942640692640694	40.29929577464789	36.77808988764045
42.700944386149004	44.279310344827586	40.24664879356568
43.579324462640734	45.22071307300509	41.08762886597938
42.28466386554622	41.556917688266196	43.3753280839895
40.55521783181358	40.0311986863711	41.3994708994709
49.41076487252125	46.83606557377049	52.9086859688196
52.684381778741866	53.704918032786885	51.18230563002681
41.640837696335076	41.55593803786575	41.77272727272727
44.60892116182573	43.93739130434783	45.60154241645244
41.34067085953878	43.48364888123924	38.002680965147455
47.88667366211962	50.35434412265758	43.92896174863388
51.55645981688708	50.461920529801326	53.300791556728235
45.56648648648649	45.820338983050846	45.11940298507463
44.38494167550371	44.242574257425744	44.640949554896146
42.572154471544714	43.53986710963455	41.047120418848166
53.219298245614034	52.855614973262036	53.800569800569804
44.68847352024922	44.72854640980736	44.630102040816325
42.95963673057518	40.535420098846785	46.791666666666664
43.794708994709	42.91959798994975	45.29597701149425
51.069600818833166	50.20661157024794	52.473118279569896
44.571875	44.904522613065325	44.02479338842975
47.38250254323499	46.182724252491695	49.27821522309711
47.94467213114754	47.64403973509934	48.43279569892473
43.480645161290326	44.17368421052632	42.38333333333333
46.98888888888889	48.56438791732909	44.24376731301939
45.87227414330218	44.469453376205784	48.43108504398827
42.29673913043478	42.4083044982699	42.10818713450293
44.009803921568626	42.795918367346935	46.17272727272727
45.09109311740891	45.88599348534202	43.786096256684495
45.09613375130616	44.836488812392425	45.49734042553192
40.88989898989899	42.36553945249597	38.40650406504065
42.53481012658228	42.92727272727273	41.84256559766764
44.47179487179487	46.21617161716171	41.607046070460704
42.273388773388774	41.776785714285715	42.96517412935324
39.65396498455201	38.83779264214047	40.96246648793566
44.936590436590436	44.64126984126984	45.49698795180723
45.62901554404145	46.03109656301146	44.93502824858757
46.41577825159915	46.06810631229236	47.038690476190474
43.66167023554604	42.67221297836939	45.447447447447445
50.93197278911565	50.62826420890937	51.455026455026456
43.188421052631575	43.255775577557756	43.06976744186046
48.949893390191896	48.562289562289564	49.61918604651163
48.0539979231568	47.442434210526315	49.10140845070423
51.70250521920668	50.92580645161291	53.12721893491124
40.073846153846155	39.48184818481848	41.046070460704605
45.202330508474574	43.85641891891892	47.46590909090909
46.41808510638298	45.31028938906753	48.58490566037736
47.1036889332004	46.63011456628478	47.84183673469388
42.84175824175824	41.29401709401709	45.62769230769231
41.440488301119025	40.333333333333336	43.44285714285714
41.41701680672269	41.13874788494078	41.87257617728532
43.70741482965932	41.135451505016725	47.5525
40.284527518172375	39.70751633986928	41.29059829059829
40.507337526205454	42.18759936406995	37.255384615384614
43.802116402116404	43.41089108910891	44.501474926253685
44.73326248671626	47.41803278688525	39.78549848942598
50.44117647058823	50.66452648475121	50.01823708206687
44.03601694915254	43.934707903780065	44.19889502762431
47.9163179916318	46.85133020344288	50.063091482649845
44.89853556485355	44.43465045592705	45.922818791946305
44.472193074501575	44.901612903225804	43.672672672672675
41.98178137651822	42.553323029366304	40.89736070381232
46.00192492781521	45.42488619119879	47.002631578947366
40.47396386822529	40.4299674267101	40.5565749235474
43.24920802534319	45.09577922077922	39.81268882175227
45.31306990881459	45.68413173652694	44.53605015673981
41.55983772819473	42.529411764705884	39.851540616246496
40.32920536635707	39.6015625	41.744680851063826
36.85944206008584	38.289855072463766	34.0032154340836
45.75174476570289	45.23076923076923	46.711048158640224
43.26105717367853	43.3824	43.00993377483444
38.6957424714434	39.52153110047847	37.154761904761905
38.66523605150215	39.297208538587846	37.473684210526315
42.73756613756614	45.306320907617504	37.90548780487805
51.05717151454363	51.75306748466258	49.74202898550725
39.26310380267215	39.54434250764526	38.68652037617555
39.16648411829135	37.952542372881354	41.38390092879257
58.077908217716114	59.564489112227804	55.46764705882353
48.99341383095499	49.035413153457	48.91509433962264
42.66431451612903	43.717908082408876	40.822714681440445
41.33635448136959	40.75887573964497	42.56782334384858
48.98343685300207	49.06317411402157	48.82018927444795
48.214207650273224	47.930047694753576	48.83916083916084
36.84778012684989	38.34123222748815	33.82747603833866
46.69924812030075	46.2	47.69453376205788
46.009375	44.70793650793651	48.49393939393939
44.76164680390033	43.4765625	47.667844522968196
43.00625651720542	42.35453100158983	44.24848484848485
42.234864300626306	43.51993865030675	39.49673202614379
43.039707419017766	43.60064935064935	42.02639296187683
46.56178608515057	46.22141823444284	47.4264705882353
40.74225774225774	40.427536231884055	41.440514469453376
45.959915611814345	46.23728813559322	45.357859531772576
47.840648854961835	47.63216783216783	48.288288288288285
45.55072463768116	45.84815950920245	44.93312101910828
42.466403162055336	41.98719772403983	43.55663430420712
47.12698412698413	46.74545454545454	48.01052631578948
45.18429319371728	44.89720998531571	45.8978102189781
45.92604501607717	46.378582202111616	44.81481481481482
48.98505869797225	50.62191358024691	45.31487889273357
45.38419319429199	44.839546191247976	46.52721088435374
43.45185185185185	44.029411764705884	42.20401337792642
47.487668161434975	46.352348993288594	49.773648648648646
52.387669801462906	51.77691107644306	53.62658227848101
41.81808943089431	42.87042682926829	39.71341463414634
41.11065573770492	40.46223564954683	42.47770700636943
52.086508753862	51.86486486486486	52.570491803278685
42.955555555555556	42.24191063174114	44.520270270270274
43.15334773218142	41.993650793650794	45.62162162162162
45.38313767342583	45.91653786707882	44.19310344827586
45.16016859852476	45.38812785388128	44.647260273972606
41.859124866595515	41.01996927803379	43.76923076923077
42.0110775427996	42.41916167664671	41.17230769230769
39.983122362869196	39.41079460269865	41.34163701067616
43.04056795131846	43.33431952662722	42.4
44.71269035532995	44.15706051873199	46.03780068728523
42.220633299284984	41.72238372093023	43.39862542955326
46.26237623762376	45.606628242074926	47.70253164556962
48.830148619957534	48.45565749235474	49.68055555555556
44.23880597014925	45.275964391691396	41.59090909090909
46.9687825182102	46.228441754916794	48.6
41.648648648648646	43.50604229607251	36.97338403041825
43.831437435367114	43.267955801104975	45.510288065843625
38.70724029380902	38.40207715133531	39.44444444444444
57.803901437371664	57.24238026124819	59.16140350877193
42.91793313069909	43.33854907539118	41.87676056338028
42.405215646940825	42.16088765603329	43.04347826086956
44.5	44.7427701674277	43.96296296296296
43.77893639207508	45.157037037037036	40.50352112676056
45.879291251384274	46.251192368839426	45.02554744525548
44.035516093229745	44.310789049919485	43.425
40.44251626898048	39.83132530120482	42.01550387596899
43.458031088082905	43.43804034582133	43.50922509225092
41.369473684210526	41.896198830409354	40.015037593984964
44.03134479271992	43.368045649072755	45.645833333333336
46.16161616161616	46.7653791130186	44.71134020618557
49.901315789473685	50.40597014925373	48.50413223140496
42.80296610169491	43.40296296296296	41.29739776951673
44.07604166666667	43.32592592592592	45.85263157894737
46.11334745762712	46.16	45.99628252788104
39.14854682454252	38.82697947214076	40.036437246963565
42.666666666666664	42.55865921787709	42.96875
43.21079958463136	44.18025751072961	40.64393939393939
42.078125	42.676991150442475	40.638297872340424
41.12619300106044	41.206489675516224	40.92075471698113
39.03496503496503	39.245098039215684	38.51219512195122
38.50541125541125	39.11940298507463	36.88582677165354
41.41935483870968	42.514367816091955	38.8445945945946
59.23840345199569	59.69415292353823	58.06923076923077
39.91088082901555	40.36913767019667	38.91447368421053
41.46548117154812	41.64010989010989	40.9078947368421
39.73297872340426	39.72477064220183	39.75174825174825
48.13641133263379	48.04810495626822	48.36329588014981
44.48050579557429	43.12988826815643	48.63090128755365
49.04796663190824	49.819464033850494	46.86
41.12836438923395	41.6405325443787	39.93448275862069
41.70385395537525	42.50576368876081	39.79794520547945
42.563380281690144	41.790030211480364	44.524904214559385
40.86727456940223	42.09282700421941	37.710144927536234
44.705338809034906	45.47692307692308	42.575289575289574
44.475890985324945	43.824786324786324	46.28968253968254
45.63267429760666	44.75212464589235	48.07058823529412
45.45191313340227	46.6792189679219	41.932
46.364583333333336	46.09285714285714	47.09615384615385
51.63766519823788	53.78482972136223	46.343511450381676
45.282838983050844	46.073593073593074	43.0996015936255
41.163502109704645	41.14102564102564	41.22764227642276
47.29375639713408	47.85431400282886	45.82592592592592
46.615307150050356	47.714285714285715	43.48449612403101
46.4571129707113	45.59533607681756	49.22466960352423
46.142391304347825	46.55539143279173	44.991769547325106
46.79689119170985	47.708333333333336	44.118367346938776
45.891946992864426	47.64666666666667	40.1948051948052
41.42871587462083	39.506206896551724	46.708333333333336
46.42407809110629	46.862537764350456	45.30769230769231
43.43333333333333	44.04295302013423	41.57959183673469
46.870253164556964	49.286115007012626	39.54042553191489
44.251859723698196	44.40234948604993	43.85769230769231
45.360691144708426	45.21875	45.810810810810814
46.73727087576375	46.6703146374829	46.93227091633466
45.63859275053305	46.30952380952381	43.5
46.41595744680851	47.36286919831224	43.47598253275109
47.00308324768756	47.272475795297375	46.224
45.54582904222451	44.80108991825613	47.85232067510549
42.33818938605619	42.217213114754095	42.724890829694324
42.12034078807242	42.06039325842696	42.308370044052865
45.63752455795678	46.62041884816754	42.681102362204726
45.679718875502004	45.45228215767635	46.282051282051285
43.377754459601256	44.082981715893105	41.30578512396694
43.209726443769	43.28456375838926	42.97933884297521
45.38712972420838	45.292957746478876	45.63568773234201
46.37186477644493	46.05686546463245	47.53061224489796
42.25437693099897	41.460508701472556	44.901785714285715
44.33127572016461	44.26450742240216	44.54545454545455
43.60278053624628	42.53217158176944	46.662835249042146
44.41991786447639	44.986449864498645	42.648305084745765
46.258563535911605	46.16161616161616	46.575471698113205
45.480728051391864	44.98601398601399	47.0958904109589
42.68490153172866	43.28510028653295	40.745370370370374
42.38008130081301	41.83604336043361	44.01219512195122
47.57984994640943	47.68316831683168	47.256637168141594
44.74740124740125	46.220134228187916	39.69124423963134
45.7440414507772	45.403693931398415	46.990338164251206
45.15806805708013	46.20289855072464	41.89592760180995
46.05496828752643	45.71153846153846	47.20183486238532
48.570806100217865	48.894366197183096	47.46634615384615
46.19126819126819	46.26594301221167	45.946666666666665
47.899481865284976	48.19652406417112	46.87557603686636
45.29540709812109	44.14513981358189	49.468599033816425
43.21390937829294	43.348930481283425	42.711442786069654
44.45638945233266	44.4987012987013	44.30555555555556
43.876059322033896	43.70896551724138	44.42922374429224
43.84639175257732	44.01086956521739	43.32905982905983
41.96827021494371	41.59154929577465	43.46938775510204
43.19456066945607	42.80555555555556	44.665
39.96588486140725	41.627187079407804	33.635897435897434
50.65108695652174	49.86490250696379	53.445544554455445
54.716479017400204	53.96989528795812	57.394366197183096
40.98645833333333	41.78260869565217	37.98009950248756
39.91718426501035	40.13133940182055	39.08121827411168
43.96522655426765	43.870523415977964	44.27354260089686
37.260504201680675	37.25691699604743	37.27461139896373
43.6394422310757	43.07006369426752	45.68036529680365
41.95268138801262	41.048209366391184	44.87111111111111
41.251612903225805	41.36376021798365	40.83163265306123
42.10769230769231	42.25759577278732	41.58715596330275
42.03462321792261	42.04980340760157	41.981735159817354
42.53938185443669	42.30683229813665	43.484848484848484
40.72365805168986	42.58634020618557	34.43913043478261
41.23510971786834	41.11348464619493	41.67307692307692
49.96828752642706	49.26478494623656	52.55940594059406
33.995828988529716	34.47486772486773	32.21182266009852
41.64369034994698	41.99067909454061	40.286458333333336
40.96264674493063	41.89784946236559	37.35751295336787
38.65249734325186	38.83857729138167	38.00476190476191
44.54690618762475	44.472010178117046	44.81944444444444
37.94725511302476	37.767253044654936	38.64736842105263
35.164070612668745	34.38441215323646	38.029126213592235
46.85081081081081	45.84478021978022	50.568527918781726
41.75123395853899	43.07334963325184	36.205128205128204
51.06408952187182	52.17490494296578	46.54639175257732
51.09725158562368	50.67379679144385	52.696969696969695
43.100936524453694	43.62051282051282	40.86187845303867
44.19291338582677	44.449451887941535	43.11282051282051
50.67732267732268	51.35337423312883	47.715053763440864
47.053854276663145	47.24021592442645	46.383495145631066
53.51745379876797	52.9025641025641	55.98969072164948
41.60440713536202	41.80283505154639	40.73446327683616
45.811078140454995	47.10987654320988	40.5771144278607
43.83864118895966	44.315013404825734	42.025510204081634
42.552742616033754	42.537179487179486	42.625
50.289281997918835	49.11727616645649	55.82142857142857
43.62329485834208	42.76067270375162	47.327777777777776
47.89989462592202	48.1234096692112	46.82208588957055
47.27801268498943	46.996153846153845	48.602409638554214
44.211776859504134	44.03934010152284	44.96666666666667
44.696216216216214	44.76470588235294	44.40677966101695
47.216350947158524	46.94698795180723	48.50867052023121
41.64735264735265	41.28692493946731	43.348571428571425
43.516298633017875	43.33206106870229	44.39393939393939
46.28241206030151	45.95781637717121	47.666666666666664
46.26413043478261	46.25067024128686	46.32183908045977
45.309670781893004	44.32799013563502	50.254658385093165
48.51867662753469	49.74484536082474	42.608695652173914
46.952668680765356	46.82252141982864	47.55681818181818
44.67141403865717	44.06463878326996	47.13917525773196
49.818086225026285	49.74201787994892	50.17261904761905
44.391836734693875	44.7225	42.922222222222224
48.85230769230769	49.255025125628144	47.06145251396648
45.67353579175705	45.87418086500655	44.710691823899374
44.904761904761905	45.25625744934446	43.15976331360947
47.308196721311475	47.26482213438735	47.51923076923077
44.144396551724135	44.18814432989691	43.921052631578945
46.78482328482328	48.14068441064639	40.60115606936416
43.60726447219069	44.162726008344926	41.141975308641975
45.84491440080564	46.08759124087591	44.67836257309941
47.77744209466264	47.675031367628605	48.19387755102041
45.783516483516486	45.20291777188329	48.58974358974359
45.456591639871384	44.820915032679736	48.351190476190474
45.12486883525708	45.55541401273885	43.11309523809524
42.13394683026585	42.34740651387214	40.946308724832214
44.66905737704918	43.778985507246375	49.648648648648646
44.43340380549683	43.8137128072445	47.202312138728324
47.449380165289256	46.76359039190898	50.51412429378531
46.09358569926393	44.78481012658228	52.515527950310556
43.22001982160555	43.753309265944644	40.73033707865169
45.448202959830866	45.04859335038363	47.353658536585364
47.585757271815446	48.099173553719005	44.68666666666667
45.58315565031983	45.17910447761194	48.007462686567166
46.061505832449626	46.40100250626566	44.19310344827586
44.377281947261665	44.171497584541065	45.45569620253165
45.93251533742331	46.795209580838325	40.89510489510489
45.78478260869565	45.690815006468306	46.27891156462585
46.40581162324649	46.0	48.30113636363637
44.05149330587024	44.266500622665006	43.023809523809526
43.984802431610944	44.521058965102284	41.12820512820513
46.80921052631579	47.07632600258732	45.32374100719424
44.07103825136612	43.7630890052356	45.629139072847686
55.27244582043344	55.43952095808383	54.23134328358209
46.8	46.1150234741784	51.028985507246375
48.00408580183861	48.17926829268293	47.100628930817614
42.16243654822335	42.48639053254438	40.207142857142856
43.47052280311457	44.50870147255689	38.36842105263158
44.30335861321777	44.39245283018868	43.75
43.0461215932914	42.19375	47.47402597402598
45.7798353909465	47.169117647058826	38.51282051282051
45.00515463917526	46.08994082840237	37.672
47.534932221063606	47.25124378109453	49.00645161290323
44.08404255319149	45.008739076154804	38.75539568345324
46.15078534031414	45.63171036204744	48.85064935064935
44.42395833333333	44.27818627450981	45.25
45.96170212765958	46.25794621026895	43.97540983606557
43.46875	43.35273159144893	44.12
47.15706806282723	47.62162162162162	44.47517730496454
45.37021276595745	45.26422250316055	45.93288590604027
38.76801801801802	37.093278463648836	46.44654088050314
56.69507186858316	55.27382388419783	64.82068965517242
49.36652078774617	49.829329962073324	46.390243902439025
47.4476386036961	47.86363636363637	44.37068965517241
47.32678386763185	48.447585394581864	39.26271186440678
44.12058212058212	44.45218417945691	41.678260869565214
48.31630434782609	48.580764488286064	46.34862385321101
47.32543103448276	47.87671232876713	43.784
43.20594262295082	42.720984759671744	46.56910569105691
46.19334719334719	46.075702075702075	46.86713286713287
46.63549415515409	46.4270205066345	48.17857142857143
44.00402819738167	44.01042873696408	43.96153846153846
44.561235356762516	44.34090909090909	46.349514563106794
44.2228144989339	44.521058965102284	41.90654205607477
48.3350622406639	48.22603550295858	49.109243697478995
44.727366255144034	45.124413145539904	41.90833333333333
43.46398305084746	43.12895377128954	45.721311475409834
43.67355371900826	44.40861466821886	37.88073394495413
46.302423603793464	46.947688564476884	42.125984251968504
45.94444444444444	45.86507936507937	46.5
45.01453790238837	45.397146254458974	42.377049180327866
46.64812834224599	46.5275	47.36296296296296
47.44635627530364	47.795402298850576	44.8728813559322
48.02606882168926	47.686440677966104	50.13533834586466
47.1165452653486	47.621015348288076	43.36842105263158
45.02795031055901	45.01682692307692	45.09701492537314
43.71320346320346	43.856617647058826	42.629629629629626
44.42518059855521	45.226107226107224	38.234234234234236
46.93457943925234	45.588862559241704	56.47899159663866
47.48692152917505	47.856486796785305	44.86991869918699
46.19711042311661	44.96912114014252	54.338582677165356
45.53978494623656	44.301980198019805	53.73770491803279
43.06178010471204	42.10532544378698	50.40909090909091
44.94622543950362	45.54408352668214	40.03809523809524
45.476344086021506	45.81578947368421	42.45744680851064
44.70374331550802	45.16985645933014	40.76767676767677
44.197324414715716	44.24873737373738	43.80952380952381
43.971553610503285	43.800495662949196	45.26168224299065
43.592161016949156	43.02524038461539	47.80357142857143
46.11546610169491	46.17102137767221	45.65686274509804
45.27049180327869	45.003386004514674	47.9
43.80437158469945	43.96606060606061	42.32222222222222
45.44373673036093	44.63470873786408	51.09322033898305
43.20892274211099	43.145833333333336	43.70873786407767
42.49896907216495	42.87202718006795	38.71264367816092
45.67735263702172	45.30480656506448	48.46491228070175
45.459487179487176	45.16169724770642	47.980582524271846
48.859743040685224	49.0632318501171	46.6875
44.434511434511435	44.222477064220186	46.48888888888889
44.41921858500528	43.62814645308924	53.89041095890411
42.14300411522634	41.72633979475484	45.98947368421052
43.87685774946922	43.75174825174825	45.154761904761905
44.39549180327869	44.22108843537415	46.03191489361702
46.607104413347685	46.69953051643193	45.58441558441559
45.101030927835055	45.81786941580756	38.649484536082475
43.8682092555332	44.56900452488688	38.236363636363635
52.38670694864048	51.893451720310765	57.21739130434783
42.78329809725159	42.57600950118765	44.46153846153846
43.443722943722946	43.82680901542111	39.45679012345679
53.66491596638655	53.18878718535469	59.0
41.7192429022082	42.20557491289198	37.06666666666667
47.94619289340101	47.679329608938545	50.6
44.25385405960945	44.67497168742922	40.12222222222222
40.92144373673036	40.99765533411489	40.19101123595506
42.13717277486911	41.77319587628866	46.01219512195122
43.19457013574661	42.47484662576687	51.69565217391305
59.881052631578946	59.53793884484711	64.40298507462687
51.20604099244876	51.087990487514865	52.36046511627907
43.09947643979058	43.31511627906977	41.14736842105263
41.41914893617021	41.815331010452965	37.10126582278481
53.95594262295082	54.04347826086956	52.962025316455694
58.208333333333336	57.60874439461883	64.02173913043478
45.028481012658226	45.71279069767442	38.34090909090909
40.04722792607803	39.64310148232611	43.70103092783505
36.77337398373984	36.36132596685083	41.49367088607595
42.160506863780356	42.252583237657866	41.10526315789474
43.640243902439025	43.55263157894737	44.75
46.53252032520325	46.45082872928177	47.46835443037975
57.93003229278794	59.22299651567944	41.55882352941177
42.67578947368421	42.22811059907834	47.41463414634146
45.321314952279955	45.236632536973836	46.484375
44.24564994882293	43.78751369112815	50.78125
43.60732984293194	43.39704209328783	46.03947368421053
44.0625641025641	43.590308370044056	50.46268656716418
44.19653767820774	44.00656455142232	46.75
43.13401015228426	42.44444444444444	54.1551724137931
43.04144527098831	42.87671232876713	45.261538461538464
47.84826132771338	47.47285067873303	52.95384615384615
45.27092050209205	45.26599326599327	45.33846153846154
46.94512195121951	46.94547437295529	46.940298507462686
43.46570796460177	43.343160377358494	45.32142857142857
45.94954591321897	44.91792656587473	60.646153846153844
46.3531746031746	47.08742004264392	36.51428571428571
43.0377969762419	42.703271028037385	47.128571428571426
44.649104320337194	44.669309173272936	44.378787878787875
45.36897274633124	45.72909698996656	39.70175438596491
44.881	44.627155172413794	48.15277777777778
46.23109243697479	46.80952380952381	35.57142857142857
45.416749750747755	45.66631689401889	40.66
44.61220043572985	44.41415313225058	47.660714285714285
44.98483316481294	44.72707659115426	48.83870967741935
45.52910602910603	45.78048780487805	41.75
45.99395770392749	46.28175026680896	41.17857142857143
44.677948717948716	45.04880694143167	38.22641509433962
46.03850050658561	45.98928188638799	46.888888888888886
46.471698113207545	46.43396226415094	47.113207547169814
42.1766004415011	42.11778290993072	43.45
44.92218717139853	44.529411764705884	52.0
42.483971044467424	42.2421959095802	48.39473684210526
46.94569672131148	46.8192513368984	49.829268292682926
45.59432048681541	45.49310710498409	47.81395348837209
45.64598930481284	46.14656144306652	36.395833333333336
43.64850427350427	43.70945945945946	42.520833333333336
47.37152034261242	47.706411698537686	40.75555555555555
43.885714285714286	43.62312633832976	49.21739130434783
48.08919202518363	48.03875968992248	49.0
50.30785123966942	50.52421959095802	45.15384615384615
44.064655172413794	43.83276836158192	48.83720930232558
47.55915065722952	47.33717277486911	53.794117647058826
45.350715746421265	45.68888888888889	35.666666666666664
44.38758029978587	44.325450450450454	45.58695652173913
45.12081984897519	45.00674157303371	47.86486486486486
44.76732161323682	45.103854389721626	35.24242424242424
46.438328236493376	46.690501600853786	41.06818181818182
47.69047619047619	47.621744054360136	49.170731707317074
47.35577889447236	47.642857142857146	37.793103448275865
47.455078125	47.27005076142132	52.12820512820513
46.58223684210526	46.53950338600451	48.03846153846154
43.8609062170706	43.75757575757576	47.68
46.02574665293512	46.147121535181235	42.57575757575758
45.90172786177106	46.26793721973094	36.294117647058826
45.5521472392638	45.42994652406417	48.2093023255814
43.007446808510636	42.9125138427464	45.32432432432432
46.34782608695652	46.36139169472503	45.93103448275862
42.70315789473684	42.58036677454153	47.65217391304348
44.42389006342495	44.360691144708426	47.35
45.27183406113537	45.135381114903296	48.513513513513516
44.81101511879049	45.33555555555556	26.653846153846153
41.597883597883595	41.674646354733405	38.88461538461539
43.527461139896374	43.46063829787234	46.04
45.687982359426684	45.81519274376417	41.2
43.29563492063492	43.30192502532928	43.0
43.47530864197531	43.64533053515215	34.94736842105263
46.825289575289574	46.92391304347826	42.666666666666664
42.325910931174086	41.93139293139293	56.92307692307692
50.864583333333336	50.356762513312034	73.57142857142857
40.81695966907963	41.15010570824524	25.80952380952381
42.85217391304348	43.08269018743109	26.76923076923077
50.58880516684607	50.49726177437021	55.8125
57.25248070562293	57.0	70.47058823529412
58.80707070707071	58.549586776859506	70.13636363636364
45.29105322763307	45.406032482598604	40.57142857142857
44.699069286452946	44.68514644351465	45.90909090909091
44.85520833333333	44.78563885955649	49.92307692307692
44.89020771513353	44.872382851445664	47.125
49.446764091858036	49.551214361140445	40.45454545454545
47.06928645294726	46.772536687631025	68.84615384615384
48.174974567650054	48.20803295571576	45.5
45.52462772050401	45.53624856156502	43.0
44.28834355828221	44.32714138286894	40.111111111111114
42.55913978494624	42.52762730227519	46.714285714285715
45.929519918283965	45.841889117043124	63.0
45.08519701810437	45.0042872454448	57.666666666666664
48.36363636363637	48.225366876310275	92.33333333333333
43.425925925925924	43.352637021716646	57.6
43.532494758909856	43.51476793248945	46.333333333333336
46.606	46.6251256281407	42.8
42.93435897435897	42.95477903391573	33.0
46.4519427402863	46.50922131147541	18.5
44.99362380446334	45.04042553191489	1.0
41.526205450733755	41.526205450733755	0
45.13885898815931	45.13885898815931	0
43.90777202072539	43.90777202072539	0
45.173957273652086	45.173957273652086	0
38.89066666666667	38.89066666666667	0
43.58201058201058	43.58201058201058	0
45.848800834202294	45.848800834202294	0
47.121593291404615	47.121593291404615	0
46.56503198294243	46.56503198294243	0
