0	0	0
5.825259515570934	1.3714285714285714	6.438976377952756
5.65016501650165	1.619718309859155	6.185046728971963
6.2874564459930316	1.6610169491525424	6.8174757281553395
6.051418439716312	1.8615384615384616	6.597194388777555
7.83304347826087	2.6166666666666667	8.440776699029126
10.586762075134168	3.1363636363636362	11.584178498985802
12.538732394366198	2.9705882352941178	13.84
10.565905096660808	2.7169811320754715	11.372093023255815
8.628623188405797	3.2333333333333334	9.286585365853659
9.89247311827957	2.7586206896551726	10.72
6.895759717314488	2.5762711864406778	7.398422090729783
6.18307426597582	1.5833333333333333	6.83629191321499
7.604240282685512	3.1384615384615384	8.183632734530939
7.666666666666667	2.2857142857142856	8.297071129707113
6.225130890052356	2.5135135135135136	6.775551102204409
6.945709281961471	2.327272727272727	7.437984496124031
9.301393728222996	2.693548387096774	10.1015625
7.036101083032491	2.5737704918032787	7.588235294117647
11.28595890410959	2.550724637681159	12.45631067961165
7.441124780316344	2.7037037037037037	7.937864077669903
7.2874564459930316	2.792682926829268	8.036585365853659
6.864963503649635	2.4166666666666665	7.53781512605042
7.802893309222423	2.453125	8.503067484662576
7.716337522441652	2.4754098360655736	8.360887096774194
7.008928571428571	3.0317460317460316	7.51307847082495
8.066907775768536	2.1774193548387095	8.810590631364562
7.084684684684684	2.389830508474576	7.643145161290323
7.232044198895028	3.029850746268657	7.823529411764706
7.584873949579832	2.0657894736842106	8.393063583815028
7.324427480916031	2.639344262295082	7.941684665226782
6.185585585585586	2.507042253521127	6.725206611570248
5.400998336106489	2.3194444444444446	5.8204158790170135
6.193493150684931	2.7468354430379747	6.732673267326732
6.194782608695652	2.3943661971830985	6.73015873015873
6.296979865771812	1.575	7.02906976744186
5.266903914590747	1.7297297297297298	5.80327868852459
7.807355516637478	2.6043956043956045	8.79375
10.438898450946644	1.8285714285714285	11.61839530332681
12.589254766031196	2.340909090909091	14.433537832310838
11.732758620689655	2.3066666666666666	13.132673267326732
12.911666666666667	1.7951807228915662	14.696324951644101
10.738539898132428	2.872340425531915	12.232323232323232
12.479541734860884	2.8289473684210527	13.850467289719626
15.611205432937181	2.6363636363636362	17.5625
13.696588868940754	2.125	15.867803837953092
16.05366726296959	1.9642857142857142	18.545263157894738
14.546931407942239	1.6883116883116882	16.62264150943396
11.95253164556962	2.1566265060240966	13.43351548269581
11.003496503496503	2.0125	12.465447154471544
9.380952380952381	1.8526315789473684	10.896186440677965
11.593250444049733	2.1232876712328768	13.004081632653062
9.75294117647059	2.98	11.121212121212121
10.088695652173913	2.6507936507936507	11.00390625
14.068181818181818	2.206896551724138	16.195876288659793
16.394642857142856	3.4404761904761907	18.680672268907564
17.08277027027027	2.463917525773196	19.947474747474747
17.03362831858407	2.2371134020618557	20.10042735042735
18.23008849557522	2.5925925925925926	20.84710743801653
12.590339892665474	2.847058823529412	14.337552742616033
9.960138648180243	3.0779220779220777	11.02
5.945804195804196	2.2111111111111112	6.643153526970955
7.49721706864564	2.7916666666666665	8.222698072805139
7.481611208406305	2.3896103896103895	8.275303643724696
6.143667296786389	2.3037974683544302	6.817777777777778
7.573630136986301	2.3846153846153846	8.373517786561266
6.462932454695222	2.075268817204301	7.256809338521401
6.755027422303473	2.617283950617284	7.4742489270386265
6.5793103448275865	2.6372549019607843	7.420502092050209
6.887218045112782	2.0588235294117645	8.032558139534883
6.917383820998279	2.2454545454545456	8.008492569002124
7.266666666666667	2.536082474226804	8.302483069977427
8.170418006430868	2.606382978723404	9.160984848484848
6.705035971223022	2.433333333333333	7.530042918454936
6.427549194991055	2.6914893617021276	7.182795698924731
6.875213675213676	1.8869565217391304	8.095744680851064
10.5	1.9042553191489362	12.176348547717842
11.561371841155236	2.4791666666666665	13.465065502183407
8.694915254237289	1.9042553191489362	10.155606407322654
8.790657439446367	2.5789473684210527	10.316810344827585
10.064456721915285	1.9259259259259258	11.491341991341992
10.568345323741006	2.1354166666666665	12.328260869565218
9.639802631578947	2.8275862068965516	11.245934959349594
14.56260162601626	2.8584070796460175	17.197211155378486
16.40535714285714	2.763440860215054	19.1220556745182
15.85509838998211	2.6559139784946235	18.489270386266096
14.324652777777779	3.0	16.477272727272727
15.97860962566845	2.198019801980198	19.004347826086956
16.203007518796994	2.210526315789474	18.535087719298247
10.39153439153439	1.8113207547169812	12.364425162689805
8.314285714285715	2.0114942528735633	9.473572938689218
7.200704225352113	2.6597938144329896	8.13588110403397
7.474025974025974	2.1808510638297873	8.4272030651341
7.741071428571429	2.4285714285714284	8.77185501066098
5.511450381679389	1.925531914893617	6.2953488372093025
7.212280701754386	2.0602409638554215	8.09034907597536
6.887254901960785	2.0	7.796511627906977
6.562068965517241	2.1682242990654204	7.556025369978858
5.685025817555938	2.2660550458715596	6.47457627118644
6.454844006568145	1.6194690265486726	7.556451612903226
6.569468267581475	3.3055555555555554	7.311578947368421
8.239929947460595	2.217821782178218	9.534042553191489
7.644214162348877	2.609090909090909	8.825159914712154
7.455	2.054054054054054	8.680981595092025
8.951957295373665	2.1363636363636362	10.610619469026549
9.408783783783784	2.6475409836065573	11.163829787234043
10.540489642184557	1.696629213483146	12.321266968325792
9.162629757785467	2.9813084112149535	10.566878980891719
8.893653516295025	2.0	10.355509355509355
10.376470588235295	3.074074074074074	11.995893223819301
12.149405772495756	2.339622641509434	14.302277432712215
13.001782531194296	2.8686868686868685	15.173160173160174
10.33148148148148	2.0660377358490565	12.350230414746544
14.202166064981949	2.556603773584906	16.957589285714285
12.253623188405797	2.6283185840707963	14.731207289293849
8.352839931153184	1.5135135135135136	9.96808510638298
8.743333333333334	2.52212389380531	10.186858316221766
7.499105545617174	2.0588235294117645	8.713347921225383
8.31578947368421	1.8738738738738738	9.754527162977867
8.580756013745704	2.3	10.212121212121213
6.025089605734767	1.4622641509433962	7.095132743362832
4.906488549618321	1.3818181818181818	5.842995169082125
6.533783783783784	1.8582089552238805	7.901746724890829
6.8204667863554755	1.937007874015748	8.262790697674419
7.422413793103448	2.547169811320755	8.512658227848101
6.1534391534391535	1.6631578947368422	7.057203389830509
7.102773246329527	2.088709677419355	8.374233128834355
7.288888888888889	2.7099236641221376	8.610132158590309
5.85171102661597	2.196078431372549	6.731132075471698
9.68237347294939	2.149532710280374	11.412017167381974
11.319715808170516	1.7551020408163265	13.335483870967742
9.534338358458962	2.1707317073170733	11.445147679324894
11.74486301369863	2.2782608695652176	14.066098081023455
10.597495527728086	1.8091603053435115	13.287383177570094
9.026315789473685	1.9919354838709677	10.98206278026906
9.321666666666667	2.079136690647482	11.505422993492408
12.418727915194346	1.8548387096774193	15.382352941176471
17.446428571428573	2.642857142857143	21.147321428571427
12.312611012433393	2.1538461538461537	15.362586605080832
11.769366197183098	1.852112676056338	15.075117370892018
14.074503311258278	2.1481481481481484	16.671370967741936
13.459322033898305	2.0923076923076924	16.671739130434784
11.153571428571428	2.056451612903226	13.740825688073395
11.258503401360544	2.2950819672131146	13.605150214592275
6.868131868131868	1.806201550387597	8.434052757793765
8.75809199318569	2.6311475409836067	10.365591397849462
7.164451827242525	2.1486486486486487	8.799559471365638
7.877289377289378	2.25	9.671497584541063
7.043715846994536	2.353846153846154	8.498806682577566
6.908438061041292	2.522727272727273	8.270588235294118
7.678321678321678	2.3846153846153846	9.03956043956044
7.179130434782609	2.2	8.633707865168539
6.045537340619308	2.634920634920635	7.061465721040189
6.447986577181208	2.453846153846154	7.562231759656652
6.477859778597786	2.0569105691056913	7.7756563245823385
5.779661016949152	1.771186440677966	6.924939467312349
6.397905759162303	2.203125	7.604494382022472
6.445993031358885	1.8609271523178808	8.08274231678487
6.007220216606498	1.6153846153846154	7.183066361556064
10.2875226039783	1.9579831932773109	12.571428571428571
10.835051546391753	2.111111111111111	13.24561403508772
10.274336283185841	1.8129496402877698	13.035211267605634
12.691558441558442	2.1526717557251906	15.538144329896907
11.068222621184919	1.6643356643356644	14.316425120772946
11.688663282571913	2.1746031746031744	14.266666666666667
9.083191850594227	1.795275590551181	11.086580086580087
7.132427843803056	1.9150326797385622	8.963302752293577
10.484848484848484	2.533333333333333	12.823529411764707
8.134251290877797	2.1181102362204722	9.817180616740089
7.3816793893129775	2.0165289256198347	8.99255583126551
7.476112026359143	1.972027972027972	9.172413793103448
7.38664323374341	2.103448275862069	8.739514348785871
9.322344322344323	2.6178861788617884	11.271867612293144
6.429809358752166	2.289855072463768	7.73120728929385
6.274956217162872	2.780141843971631	7.420930232558139
6.1070811744386875	2.289308176100629	7.552380952380952
6.828467153284672	1.9112903225806452	8.266509433962264
6.472312703583062	1.885135135135135	7.929184549356223
7.478947368421053	1.786764705882353	9.262672811059907
6.6993127147766325	2.0	8.037527593818984
6.157556270096463	2.44311377245509	7.520879120879121
7.909255898366606	2.0384615384615383	9.722090261282661
7.361739130434783	2.0733333333333333	9.228235294117647
7.600343053173241	3.027972027972028	9.086363636363636
7.623693379790941	2.375	9.38139534883721
8.981132075471699	2.1806451612903226	11.44392523364486
8.307017543859649	1.9565217391304348	10.335648148148149
6.961016949152542	2.503067484662577	8.662763466042154
8.280405405405405	2.37888198757764	10.48491879350348
7.669535283993115	2.396551724137931	9.923832923832924
7.845094664371773	2.2094594594594597	9.77136258660508
9.837209302325581	1.4015748031496063	12.31712962962963
7.732974910394265	1.9318181818181819	9.530516431924882
6.815157116451017	1.9391891891891893	8.651399491094148
6.211469534050179	1.9931972789115646	7.7201946472019465
8.210720887245841	1.6030534351145038	10.321951219512195
6.520871143375681	2.031055900621118	8.374358974358975
6.79447322970639	1.7647058823529411	8.60093896713615
7.687160940325497	1.948905109489051	9.576923076923077
7.7779690189328745	1.7272727272727273	9.753424657534246
7.3880070546737215	2.1073825503355703	9.270334928229666
7.0650994575045205	1.9782608695652173	8.756626506024096
7.088695652173913	2.185185185185185	9.012106537530267
5.472663139329806	1.9230769230769231	6.819951338199513
6.330812854442344	2.0884353741496597	7.963350785340314
6.449090909090909	2.0428571428571427	7.953658536585366
7.129692832764505	1.813953488372093	9.33816425120773
5.692449355432781	1.7832167832167831	7.09
5.832746478873239	2.2195121951219514	7.2995049504950495
5.8961474036850925	2.5681818181818183	7.287410926365796
6.4416961130742045	2.0784313725490198	8.058111380145279
4.883333333333334	2.4140127388535033	5.89556135770235
5.5	2.046242774566474	6.99749373433584
6.515570934256055	2.0753424657534247	8.016203703703704
6.2622377622377625	2.1354838709677417	7.796163069544365
6.8144876325088335	2.0115606936416186	8.928753180661577
10.309090909090909	2.4394904458598727	13.4529262086514
7.510416666666667	2.2634730538922154	9.65281173594132
7.078202995008319	2.3085714285714287	9.03755868544601
9.328333333333333	2.492146596858639	12.52078239608802
8.452554744525548	2.264516129032258	10.893129770992367
8.602112676056338	2.2024539877300615	11.177777777777777
10.111731843575418	2.0555555555555554	13.592
10.413309982486865	2.20625	13.608272506082725
10.906303236797275	2.2215568862275448	14.35952380952381
10.10234899328859	2.0648648648648646	13.720194647201946
10.229020979020978	1.6521739130434783	13.588807785888077
9.241316270566728	1.9181286549707601	12.571808510638299
8.778175313059034	2.0526315789473686	11.28992628992629
8.6113074204947	2.223529411764706	11.353535353535353
9.157342657342657	2.0705128205128207	11.814903846153847
8.98	2.5283018867924527	11.306122448979592
7.2408376963350785	2.157232704402516	9.193236714975846
8.39419795221843	2.7784431137724552	10.632458233890215
8.027027027027026	2.372093023255814	10.342857142857143
8.789007092198581	2.130434782608696	11.449131513647643
9.632142857142858	3.2023809523809526	12.387755102040817
7.534013605442177	2.022099447513812	9.985257985257986
11.218018018018018	1.8936170212765957	14.393719806763285
7.11400651465798	1.8603351955307263	9.275862068965518
8.889285714285714	1.9819277108433735	11.799492385786802
10.492481203007518	2.0965517241379312	13.638242894056848
8.811387900355871	2.048780487804878	11.597989949748744
9.878892733564014	2.2634730538922154	12.97323600973236
9.333878887070377	2.3184357541899443	12.24074074074074
9.135325131810193	2.4846625766871164	11.805418719211822
8.25673249551167	2.2951807228915664	10.787723785166241
7.2202166064981945	2.1944444444444446	9.63903743315508
9.125429553264604	2.3076923076923075	11.915254237288135
6.92962962962963	1.78125	9.097368421052632
7.931740614334471	2.3591160220994474	10.422222222222222
6.905204460966543	2.4789473684210526	9.32183908045977
9.972868217054264	2.42	13.068306010928962
10.148550724637682	2.046666666666667	13.171641791044776
7.640253565768621	2.262376237623762	10.172494172494172
6.671052631578948	1.9829545454545454	8.98876404494382
8.278523489932885	2.0238095238095237	10.733644859813085
8.234875444839858	2.1235955056179776	11.067708333333334
7.030508474576271	2.1402439024390243	8.913145539906104
6.360225140712946	1.7607361963190185	8.386486486486486
6.928082191780822	1.9344262295081966	9.206982543640898
7.314475873544093	1.6162790697674418	9.599067599067599
6.492254733218589	2.0386740331491713	8.5075
7.844569288389513	2.1807909604519775	10.65266106442577
10.853403141361257	2.3666666666666667	14.740458015267176
9.119642857142857	2.260355029585799	12.084398976982097
8.543985637342908	1.8372093023255813	11.54025974025974
8.345945945945946	2.154696132596685	11.342245989304812
8.173913043478262	1.9745222929936306	10.380952380952381
8.450281425891182	2.4036144578313254	11.185286103542234
8.645378151260504	2.265625	11.6848635235732
6.411558669001751	1.9572192513368984	8.580729166666666
6.565062388591801	2.4678362573099415	8.361538461538462
6.871024734982332	2.3152173913043477	9.065445026178011
7.505415162454874	1.7882352941176471	10.036458333333334
6.788256227758007	2.1277777777777778	8.984293193717278
5.881685575364668	2.014705882352941	7.791767554479419
8.102752293577982	1.9090909090909092	11.05691056910569
6.175043327556326	2.287179487179487	8.159685863874346
8.043936731107205	1.803370786516854	10.884910485933505
8.23956442831216	1.8138297872340425	11.567493112947659
6.747763864042934	2.1377551020408165	9.236914600550964
8.697508896797153	1.9746835443037976	11.326732673267326
6.77317880794702	2.4390243902439024	9.0
6.388111888111888	2.1365853658536587	8.762942779291553
7.442735042735043	2.0054054054054054	9.9575
5.957307060755337	1.7668161434977578	8.378238341968911
7.6377079482439925	2.037433155080214	10.596045197740112
6.701851851851852	2.5359116022099446	8.802228412256268
7.287162162162162	2.3492063492063493	9.602977667493796
5.438775510204081	2.3047619047619046	7.1798941798941796
6.1975524475524475	2.489247311827957	7.984455958549223
5.279857397504457	2.3636363636363638	6.870523415977962
5.286971830985915	1.8900523560209423	7.007957559681698
7.010238907849829	2.2807881773399017	9.516971279373369
6.188747731397459	1.8584905660377358	8.896755162241888
7.126785714285714	2.7989130434782608	9.24468085106383
5.12707182320442	2.1658031088082903	6.76
5.507326007326007	2.297979797979798	7.333333333333333
6.33800350262697	2.1218274111675126	8.558823529411764
6.8533333333333335	2.297674418604651	9.397402597402598
8.984615384615385	2.204878048780488	12.642105263157895
7.420138888888889	2.0899470899470898	10.023255813953488
7.303082191780822	1.903225806451613	10.49591280653951
7.238500851788756	1.8078817733990147	10.109375
6.8513274336283185	1.964102564102564	9.427027027027027
6.23725834797891	1.8468468468468469	9.046109510086456
7.030909090909091	1.847457627118644	9.490616621983914
6.963917525773196	1.7980769230769231	9.836898395721924
7.037234042553192	1.8076923076923077	9.528795811518325
6.2413162705667276	2.282722513089005	8.365168539325843
5.139823008849557	2.339622641509434	6.8215297450424925
6.547826086956522	2.7065217391304346	8.35549872122762
5.324626865671642	2.11340206185567	7.146198830409356
5.254237288135593	1.9753694581280787	6.974160206718346
4.848540145985401	2.373134328358209	6.282420749279539
5.968386023294509	2.18	7.85785536159601
6.6155143338954465	2.4854368932038833	8.813953488372093
5.2758037225042305	2.4954954954954953	6.948509485094851
5.205623901581722	2.608294930875576	6.806818181818182
5.440789473684211	2.3404255319148937	7.394101876675603
4.886654478976234	2.6338028169014085	6.323353293413174
5.541880341880342	2.294930875576037	7.456521739130435
5.2356792144026185	2.261467889908257	6.885496183206107
5.131979695431472	2.3773584905660377	6.672823218997362
5.534296028880866	2.324468085106383	7.183060109289618
6.0864864864864865	2.0969387755102042	8.264623955431755
6.058219178082192	1.9313725490196079	8.273684210526316
5.783177570093458	2.0	7.935483870967742
6.088652482269503	2.0929203539823007	8.7603550295858
5.90443686006826	2.2901785714285716	8.140883977900552
5.6872727272727275	2.2857142857142856	7.677233429394812
5.114782608695652	2.056768558951965	7.138728323699422
7.379549393414211	2.2343096234309625	11.017751479289942
6.6045694200351495	2.0753768844221105	9.04054054054054
6.0273722627737225	2.3705583756345177	8.079772079772079
6.952293577981651	2.037837837837838	9.477777777777778
5.955963302752294	1.9953917050691243	8.576219512195122
6.158703071672355	2.64453125	8.884848484848485
6.2072538860103625	2.321951219512195	8.336898395721924
5.777966101694915	1.9515418502202644	8.170798898071626
5.356655290102389	2.388392857142857	7.193370165745856
5.814236111111111	2.169724770642202	8.033519553072626
7.311224489795919	2.1029411764705883	10.078125
7.424511545293073	2.0	10.750716332378223
7.523893805309735	2.2753623188405796	10.558659217877095
6.825561312607944	2.324324324324324	9.624649859943977
6.359605911330049	2.346320346320346	8.812169312169312
6.873857404021938	2.2378378378378376	9.243093922651934
5.499092558983666	2.063106796116505	7.550724637681159
6.278523489932886	2.2844036697247705	8.582010582010582
5.720268006700167	2.1859504132231407	8.129577464788733
5.010118043844857	1.9139344262295082	7.174785100286533
6.020725388601036	1.948051948051948	8.724137931034482
5.440972222222222	1.9330357142857142	7.673295454545454
6.053819444444445	2.1233480176211454	8.61031518624642
5.168674698795181	2.2294372294372296	7.1085714285714285
5.220248667850799	2.6489795918367345	7.20125786163522
5.964285714285714	2.075	8.64655172413793
5.7105263157894735	2.8484848484848486	7.906976744186046
5.861204013377926	2.1779661016949152	8.262430939226519
6.841924398625429	2.9904761904761905	9.016129032258064
5.482578397212544	2.607594936708861	7.5044510385756675
6.231040564373898	2.488262910798122	8.483050847457626
5.983870967741935	2.394088669950739	8.03661971830986
5.825581395348837	2.23	8.10126582278481
5.823529411764706	2.370967741935484	8.291066282420749
4.533333333333333	1.7085427135678393	6.340836012861736
5.343434343434343	2.3404255319148937	7.309192200557103
5.130434782608695	2.13953488372093	7.0385756676557865
4.633333333333334	2.4476987447698746	6.211480362537764
4.8584392014519056	1.9388646288209608	6.934782608695652
5.210428305400373	2.215767634854772	7.648648648648648
5.529837251356239	2.3076923076923075	7.674698795180723
5.798290598290598	2.8271604938271606	7.909356725146199
5.333901192504259	2.396694214876033	7.394202898550724
4.780918727915195	1.95	6.865030674846626
5.231259968102074	2.431906614785992	7.175675675675675
5.18006993006993	2.0448430493273544	7.1833810888252145
4.459507042253521	2.167381974248927	6.053731343283582
4.848591549295775	1.747787610619469	6.89766081871345
5.952961672473868	2.0046511627906978	8.317548746518106
4.504854368932039	1.6280193236714975	6.438311688311688
5.667304015296367	2.099099099099099	8.299003322259136
5.2007648183556405	2.1502347417840375	7.296774193548387
6.5344827586206895	1.8708133971291867	9.648562300319488
5.126629422718808	2.1176470588235294	7.847517730496454
5.3127272727272725	2.257510729613734	7.558359621451104
5.003717472118959	2.3057851239669422	7.20945945945946
5.6768402154398565	2.4893617021276597	8.003105590062113
5.311188811188811	2.292887029288703	7.4774774774774775
4.543589743589743	2.3333333333333335	6.251515151515152
5.059440559440559	2.3011152416356877	7.508250825082508
5.143884892086331	1.945945945945946	7.269461077844311
5.212475633528265	1.8284313725490196	7.446601941747573
6.229166666666667	1.9829787234042553	9.15542521994135
7.191275167785235	2.379591836734694	10.549857549857549
6.057793345008757	2.441860465116279	9.038338658146964
6.370434782608696	1.9533898305084745	9.44542772861357
5.55	1.9596412556053813	7.925816023738872
6.7188612099644125	2.1645569620253164	10.04
5.936241610738255	2.5535055350553506	8.756923076923076
5.569664902998237	2.278688524590164	8.055727554179567
5.410839160839161	2.206611570247934	7.760606060606061
5.544368600682594	2.050387596899225	8.292682926829269
5.982014388489208	2.199203187250996	9.095081967213115
6.812925170068027	2.119341563786008	10.118840579710145
5.8267148014440435	2.0271493212669682	8.348348348348349
5.98314606741573	2.042016806722689	9.152027027027026
5.908602150537634	2.212	8.909090909090908
6.860853432282004	2.111111111111111	10.264331210191083
5.7714808043875685	2.720164609053498	8.210526315789474
5.510597302504817	2.417391304347826	7.972318339100346
4.757462686567164	1.8197424892703862	7.016501650165017
5.372131147540983	2.38768115942029	7.838323353293413
4.895604395604396	2.1633466135458166	7.220338983050848
5.9463986599664995	2.281853281853282	8.754437869822485
5.285968028419183	2.5254237288135593	7.2782874617737
5.429097605893186	2.0368852459016393	8.19732441471572
5.506352087114338	2.120331950207469	8.138709677419355
6.226575809199319	2.6844106463878328	9.101851851851851
5.808580858085809	2.33976833976834	8.397694524495677
5.04020979020979	2.3293172690763053	7.130030959752322
5.649186256781194	2.541044776119403	8.571929824561403
4.998223801065719	1.8576642335766422	7.975778546712803
4.866310160427807	2.481171548117155	6.636645962732919
4.733218588640275	2.264591439688716	6.691358024691358
5.696043165467626	2.5617529880478087	8.275409836065574
5.548109965635739	2.9779411764705883	7.803225806451613
4.593065693430657	2.51171875	6.417808219178082
5.040336134453781	2.5644599303135887	7.347402597402597
5.202127659574468	2.589430894308943	7.223270440251572
4.881205673758865	2.0526315789473686	7.406040268456376
5.217607973421927	2.64	7.385321100917431
6.15575221238938	2.6481481481481484	9.366101694915255
5.294938917975567	2.066147859922179	7.920886075949367
5.609880749574105	2.4389312977099236	8.166153846153847
5.071428571428571	2.301324503311258	7.86
5.348914858096828	2.318007662835249	7.689349112426036
5.809027777777778	2.5714285714285716	8.205438066465257
5.258503401360544	2.351145038167939	7.595092024539877
5.327022375215146	2.171875	7.812307692307693
5.4852686308492205	2.1556420233463034	8.159375
5.531194295900178	2.272727272727273	8.207792207792208
6.572679509632224	2.3807692307692307	10.07717041800643
6.130671506352087	2.20817843866171	9.872340425531915
4.6434108527131785	1.9883268482490273	7.277992277992278
5.1237458193979935	2.393835616438356	7.728758169934641
4.80377358490566	2.3780487804878048	6.904929577464789
4.797535211267606	2.5492424242424243	6.75
4.892982456140351	2.522727272727273	6.937908496732026
5.200686106346484	2.2398523985239853	7.772435897435898
5.530434782608696	3.106761565836299	7.846938775510204
5.10931899641577	2.11284046692607	7.667774086378738
4.624338624338624	2.2246376811594204	6.900343642611684
4.814159292035399	2.0434782608695654	7.060897435897436
5.337268128161889	2.709090909090909	7.610062893081761
5.569983136593592	2.6392857142857142	8.191693290734824
4.951526032315979	2.420863309352518	7.473118279569892
5.504440497335701	2.2552447552447554	8.859205776173285
5.437275985663082	2.16	8.097402597402597
5.795302013422819	2.498168498168498	8.58204334365325
5.230769230769231	2.196551724137931	8.087662337662337
4.670157068062827	2.0105263157894737	7.302083333333333
4.196078431372549	1.9045801526717556	6.2040133779264215
4.840366972477065	2.1633466135458166	7.125850340136054
4.533219761499148	2.329032258064516	7.0
5.114583333333333	2.265017667844523	7.8668941979522184
5.6361974405850095	2.4269230769230767	8.543554006968641
5.510489510489511	2.8530465949820787	8.040955631399317
5.13903743315508	2.4393939393939394	7.538720538720539
4.824686940966011	2.4285714285714284	7.111888111888112
5.0923824959481365	2.620817843866171	7.002873563218391
5.196666666666666	2.122137404580153	7.579881656804734
4.617437722419929	2.4	6.526490066225166
4.5610200364298725	2.4644194756554305	6.546099290780142
4.597122302158273	2.0422535211267605	7.264705882352941
5.312937062937063	2.518032786885246	8.50561797752809
4.948398576512456	2.434931506849315	7.666666666666667
5.030664395229983	2.4448275862068964	7.555555555555555
4.774447949526814	2.7380191693290734	6.7601246105919
4.560798548094374	2.0426356589147288	6.778156996587031
5.112582781456954	2.5822368421052633	7.676666666666667
4.92332268370607	2.3843648208469057	7.366771159874608
4.733788395904437	2.4149659863945576	7.068493150684931
4.8569078947368425	2.6056782334384856	7.309278350515464
5.120898100172711	2.3523809523809525	8.424242424242424
5.621428571428571	2.365019011406844	8.505050505050505
5.476109215017065	2.411764705882353	8.825
4.979591836734694	2.2596491228070175	7.537953795379538
4.861759425493716	2.3003533568904593	7.507299270072993
5.213503649635037	2.2421875	7.818493150684931
5.059322033898305	2.622895622895623	7.5290102389078495
4.69449715370019	2.585714285714286	7.08502024291498
4.1602914389799635	2.151851851851852	6.103942652329749
4.994545454545454	2.2573529411764706	7.672661870503597
5.587188612099644	2.7050359712230216	8.408450704225352
4.5236294896030245	2.417293233082707	6.653992395437262
4.640740740740741	2.2562277580071175	7.227799227799228
4.887348353552859	2.528368794326241	7.142372881355932
5.288770053475936	2.623762376237624	8.418604651162791
4.840480274442538	2.2338129496402876	7.216393442622951
5.156040268456376	2.420875420875421	7.872909698996655
5.300157977883097	2.57328990228013	7.868098159509202
5.322344322344322	2.806451612903226	7.951310861423221
4.939130434782609	2.693548387096774	7.566037735849057
4.471028037383178	2.2945454545454544	6.773076923076923
5.803508771929825	2.439189189189189	9.437956204379562
4.801335559265443	2.5254777070063694	7.3087719298245615
4.794871794871795	2.34375	7.5310077519379846
5.695810564663024	2.4590747330960854	9.08955223880597
4.836974789915966	2.5033557046979866	7.178451178451178
5.414590747330961	2.449826989619377	8.553113553113553
4.848857644991213	2.350515463917526	7.4640287769784175
5.50354609929078	2.632727272727273	8.235294117647058
5.20373831775701	2.347985347985348	8.179389312977099
4.975124378109452	2.187074829931973	7.627831715210356
4.847341337907376	2.2977346278317152	7.7226277372262775
5.580698835274543	2.4343434343434343	8.654605263157896
4.468978102189781	2.046594982078853	6.981412639405204
5.098039215686274	2.3322147651006713	8.2319391634981
4.515503875968992	2.471223021582734	6.9033613445378155
4.947841726618705	2.2458471760797343	8.137254901960784
4.583476764199656	2.5214521452145213	6.830935251798561
5.481802426343155	2.491408934707904	8.524475524475525
5.300341296928328	2.3141025641025643	8.700729927007298
6.029304029304029	2.4	9.712177121771218
4.616724738675958	2.7261146496815285	6.9
5.107078039927405	2.5622895622895623	8.082677165354331
4.349337748344371	2.232415902140673	6.8483754512635375
5.318532818532819	2.315175097276265	8.275862068965518
4.978102189781022	2.4169491525423727	7.9644268774703555
4.93705035971223	2.386617100371747	7.327526132404182
5.25	2.202797202797203	9.106194690265486
5.62956204379562	2.6884057971014492	8.613970588235293
4.327118644067797	2.774193548387097	6.453815261044177
4.956155143338955	2.793939393939394	7.669201520912548
4.976102941176471	2.409252669039146	7.718631178707224
4.994836488812393	2.6125	7.915708812260537
5.1031307550644565	2.3288590604026846	8.477551020408164
5.144599303135888	2.6296296296296298	7.84115523465704
4.652329749103942	2.85121107266436	6.587360594795539
3.946086956521739	1.9647435897435896	6.2965779467680605
4.613976705490849	2.392857142857143	7.430188679245283
4.659169550173011	2.385321100917431	7.621513944223108
4.494077834179357	2.712538226299694	6.700757575757576
5.0018939393939394	2.742857142857143	7.55241935483871
5.299145299145299	2.9846153846153847	8.192307692307692
4.562271062271062	2.739413680781759	6.903765690376569
4.074427480916031	2.350515463917526	6.227467811158799
4.943738656987295	2.4025974025974026	8.164609053497943
4.64748201438849	2.7735849056603774	7.151260504201681
5.151006711409396	2.9444444444444446	7.779411764705882
4.795081967213115	2.372670807453416	7.503472222222222
4.748613678373383	2.2447552447552446	7.556862745098039
4.553333333333334	2.1677018633540373	7.316546762589928
4.988593155893536	2.1605839416058394	8.063492063492063
5.2863924050632916	2.708823529411765	8.287671232876713
3.813675213675214	2.076687116564417	6.0
4.321969696969697	2.0305084745762714	7.223175965665236
4.2003642987249545	2.269592476489028	6.878260869565217
5.270318021201414	2.6176470588235294	8.392307692307693
5.059964726631393	2.28	8.793388429752065
4.9381818181818184	2.4648829431438126	7.884462151394422
5.203508771929824	2.677710843373494	8.72689075630252
4.886029411764706	2.331103678929766	8.004081632653062
4.823931623931624	2.8212121212121213	7.415686274509804
4.887323943661972	2.550955414012739	7.775590551181103
3.7401869158878505	2.192429022082019	5.990825688073395
3.851985559566787	2.1961414790996785	5.97119341563786
4.2439024390243905	2.2582582582582584	6.987551867219917
4.464098073555166	2.364179104477612	7.444915254237288
4.601362862010221	2.565982404692082	7.4227642276422765
4.4523809523809526	2.5142857142857142	7.095238095238095
5.081227436823105	3.046979865771812	7.44921875
4.641342756183746	2.4675324675324677	7.236434108527132
4.590301003344481	2.5269121813031163	7.563265306122449
4.807874015748031	2.8763440860215055	7.5399239543726235
4.449419568822554	2.5792682926829267	6.68
4.202979515828678	2.3993399339933994	6.538461538461538
4.37785016286645	2.7195767195767195	7.033898305084746
4.019704433497537	2.516216216216216	6.347280334728033
4.619791666666667	2.531791907514451	7.760869565217392
4.529411764705882	2.3557046979865772	7.162601626016261
4.690298507462686	2.2532467532467533	7.982456140350878
4.916201117318436	2.8360128617363345	7.778761061946903
4.461538461538462	2.4241486068111455	7.25
4.6041275797373356	2.291021671826625	8.161904761904761
4.158536585365853	2.297142857142857	7.066964285714286
4.747747747747748	3.035502958579882	7.414746543778802
4.219387755102041	2.450980392156863	6.9523809523809526
4.464716006884681	2.5102639296187683	7.241666666666666
4.500875656742557	2.59375	7.566210045662101
4.644844517184943	2.5424657534246577	7.764227642276423
3.978003384094755	2.2732558139534884	6.352226720647773
4.690721649484536	2.7865497076023393	7.404166666666667
4.744144144144144	2.4533762057877815	7.663934426229508
4.532094594594595	2.7671641791044777	6.832684824902723
4.385199240986717	2.3448275862068964	7.514423076923077
4.919243986254296	2.5180722891566263	8.108
4.442446043165468	2.767123287671233	7.643979057591623
4.767827529021559	2.367816091954023	8.04313725490196
4.567375886524823	2.1847507331378297	8.210762331838565
4.54673721340388	2.5043227665706054	7.7681818181818185
3.97951582867784	2.550632911392405	6.02262443438914
3.949056603773585	2.217391304347826	6.6298076923076925
5.22318339100346	2.773134328358209	8.60082304526749
3.871499176276771	2.365650969529086	6.08130081300813
4.264285714285714	2.4306784660766962	7.076923076923077
3.863406408094435	2.4124293785310735	6.01255230125523
4.105065666041276	2.4330218068535827	6.636792452830188
4.113676731793961	2.554913294797688	6.599078341013825
3.882661996497373	2.3304597701149423	6.304932735426009
4.628721541155867	2.669616519174041	7.491379310344827
4.008097165991903	2.216393442622951	6.8994708994708995
5.272572402044293	3.008450704225352	8.737068965517242
4.240204429301533	2.5762711864406778	6.76824034334764
4.607198748043818	2.641361256544503	7.529182879377432
4.5034364261168385	2.4695652173913043	7.4641350210970465
4.1743421052631575	2.681462140992167	6.7155555555555555
4.4714285714285715	2.6094674556213016	7.306306306306307
4.304744525547445	2.2970588235294116	7.586538461538462
4.50503355704698	2.4761904761904763	8.022935779816514
4.653169014084507	3.074074074074074	7.207373271889401
4.538071065989848	2.744565217391304	7.497757847533633
4.640510948905109	2.5821325648414986	8.194029850746269
4.554128440366973	2.2886904761904763	8.196172248803828
4.571917808219178	3.005649717514124	6.982608695652174
4.047297297297297	3.0259067357512954	5.961165048543689
4.102661596958175	2.511111111111111	6.478672985781991
4.2770870337477795	2.340909090909091	7.507109004739337
3.9813242784380307	2.3380681818181817	6.421940928270042
4.489399293286219	2.2514792899408285	7.807017543859649
4.127041742286751	2.415151515151515	6.683257918552036
4.388111888111888	2.4	7.893719806763285
4.66897746967071	2.233983286908078	8.678899082568808
4.353356890459364	2.4382352941176473	7.234513274336283
3.9055374592833876	2.1648936170212765	6.65546218487395
4.133574007220217	2.5261627906976742	6.766666666666667
4.061433447098976	2.5224719101123596	6.443478260869565
4.9060955518945635	2.8544973544973544	8.292576419213974
4.243654822335025	2.5	7.338028169014085
5.008103727714749	2.935567010309278	8.519650655021834
4.864197530864198	2.968208092485549	7.832579185520362
4.96140350877193	2.4566473988439306	8.830357142857142
4.419047619047619	2.5015384615384617	7.535
5.023722627737226	2.7708333333333335	8.59433962264151
4.168784029038113	2.069832402234637	8.062176165803109
4.041071428571429	2.2262569832402233	7.257425742574258
4.390596745027125	2.4904109589041097	8.079787234042554
4.292253521126761	2.278551532033426	7.751196172248804
4.5911602209944755	2.346041055718475	8.381188118811881
5.047445255474453	3.1471471471471473	7.9906976744186045
4.324675324675325	2.566371681415929	7.305
4.630872483221476	2.8184281842818426	7.577092511013216
4.0085470085470085	2.655263157894737	6.517073170731707
4.254545454545455	2.3398876404494384	7.768041237113402
4.479522184300341	2.9918032786885247	6.954545454545454
4.0	2.5552486187845305	6.502392344497608
4.601123595505618	2.488235294117647	8.304123711340207
4.213114754098361	2.4851190476190474	6.938967136150235
3.918819188191882	2.317784256559767	6.678391959798995
4.27027027027027	2.490084985835694	7.381188118811881
4.566552901023891	2.719676549865229	7.753488372093023
4.401360544217687	2.65374677002584	7.766169154228856
4.299645390070922	2.941666666666667	6.696078431372549
4.269230769230769	2.7230320699708455	6.8817733990147785
4.07168458781362	2.1448863636363638	7.364077669902913
4.728956228956229	2.7175	8.876288659793815
4.395796847635727	2.702412868632708	7.585858585858586
4.1020408163265305	2.465909090909091	7.181818181818182
4.299307958477509	2.432795698924731	7.669902912621359
4.351102941176471	2.452830188679245	8.421965317919074
3.9964349376114083	2.94390243902439	6.854304635761589
4.637867647058823	3.1154929577464787	7.497354497354498
4.003773584905661	2.5082872928176796	7.226190476190476
4.178057553956834	2.4791666666666665	6.7727272727272725
4.237924865831842	2.279891304347826	8.010471204188482
4.10896309314587	2.3351063829787235	7.564766839378239
4.157608695652174	2.212707182320442	7.863157894736842
4.249110320284697	2.722077922077922	7.570621468926554
4.913194444444445	2.5778364116094985	9.406091370558375
4.392539964476021	2.5013623978201633	7.933673469387755
4.362098138747885	2.8613861386138613	7.60427807486631
4.324803149606299	2.036036036036036	8.68
4.433006535947713	2.5852417302798982	7.748858447488584
4.528497409326425	2.622107969151671	8.43157894736842
4.493805309734514	2.4584450402144773	8.447916666666666
4.39355992844365	2.5053763440860215	8.149732620320856
4.73758865248227	2.361581920903955	8.742857142857142
4.115173674588665	2.620879120879121	7.087431693989071
4.224699828473414	2.5699745547073793	7.647368421052631
4.47887323943662	2.8181818181818183	7.680412371134021
3.6624548736462095	2.4100529100529102	6.3522727272727275
4.312393887945671	2.535135135135135	7.315068493150685
4.461788617886179	2.990453460620525	7.607142857142857
4.123134328358209	2.5714285714285716	7.612121212121212
3.771276595744681	2.5182291666666665	6.444444444444445
3.8802083333333335	2.5595854922279795	6.563157894736842
4.24907063197026	2.672316384180791	7.282608695652174
3.7808471454880292	2.473007712082262	7.084415584415584
3.9747292418772564	2.6816976127320955	6.728813559322034
4.098958333333333	2.7985257985257985	7.230769230769231
4.066202090592334	2.8114143920595533	7.023391812865497
3.9838709677419355	2.8154205607476634	6.588541666666667
4.297247706422018	2.613756613756614	8.107784431137725
4.482242990654205	2.5190217391304346	8.808383233532934
3.857142857142857	2.667574931880109	6.29608938547486
3.9578207381370825	2.7394736842105263	6.407407407407407
4.293286219081272	2.6569920844327175	7.609625668449198
3.8135593220338984	2.7505995203836933	6.375722543352601
3.951219512195122	2.5527638190954773	7.113636363636363
4.52622061482821	2.803664921465969	8.374269005847953
3.9043624161073827	2.8233830845771144	6.144329896907217
3.7819148936170213	2.442455242966752	6.809248554913295
4.1618122977346275	2.777511961722488	7.055
3.8963636363636365	2.6906666666666665	6.48
4.126126126126126	2.5597826086956523	7.208556149732621
3.761904761904762	2.4728682170542635	6.89937106918239
3.7535211267605635	2.62	6.4523809523809526
4.226315789473684	3.1286089238845145	6.439153439153439
3.700743494423792	2.389784946236559	6.63855421686747
5.039792387543253	2.6607142857142856	10.053763440860216
3.66412213740458	2.3793103448275863	6.959183673469388
4.344632768361582	2.693121693121693	8.42483660130719
4.634020618556701	3.0445544554455446	8.241573033707866
4.027303754266212	2.6968085106382977	6.40952380952381
4.104347826086957	2.5707196029776673	7.6976744186046515
4.476764199655766	2.792682926829268	8.514619883040936
3.9538188277087034	2.7616707616707616	7.064102564102564
4.06282722513089	2.8141809290953543	7.176829268292683
4.110266159695818	2.3324175824175826	8.104938271604938
3.823420074349442	2.4444444444444446	7.669014084507042
4.0693240901213175	2.6341463414634148	7.592814371257485
4.017761989342806	2.4635416666666665	7.351955307262569
3.8100172711571676	2.7475728155339807	6.431137724550898
3.66044776119403	2.405759162303665	6.7727272727272725
4.462068965517242	2.760598503740648	8.273743016759777
3.7404580152671754	1.8472222222222223	7.896341463414634
4.370118845500849	2.9639423076923075	7.7514450867052025
3.899009900990099	2.3163841807909606	7.6092715231788075
3.9059500959692897	2.5256410256410255	8.01526717557252
4.3339882121807465	2.434402332361516	8.259036144578314
4.33109243697479	2.582547169811321	8.666666666666666
3.8016528925619837	2.6463963963963963	6.987577639751553
4.321234119782214	2.6975	8.62251655629139
3.639784946236559	2.4884910485933505	6.335329341317365
4.4868421052631575	2.779816513761468	8.813953488372093
3.8295019157088124	2.3675675675675674	7.3881578947368425
4.437716262975779	2.755	8.219101123595506
3.8127272727272725	2.3	7.194117647058824
4.00554528650647	2.3270777479892764	7.732142857142857
4.1120401337792645	2.5224586288416075	7.954285714285715
3.791958041958042	2.715686274509804	6.469512195121951
3.98731884057971	2.697732997481108	7.290322580645161
3.6855575868372945	2.560493827160494	6.894366197183099
3.831578947368421	2.5907990314769975	7.095541401273885
3.8353765323992994	2.737864077669903	6.679245283018868
4.073378839590443	2.683257918552036	8.340277777777779
4.209917355371901	2.6968325791855206	8.312883435582823
4.095486111111111	3.0886699507389164	6.5
3.881205673758865	2.821256038647343	6.806666666666667
4.5359477124183005	3.335632183908046	7.4858757062146895
3.727598566308244	2.673076923076923	6.816901408450704
3.87751677852349	3.036117381489842	6.313725490196078
4.076788830715532	2.821078431372549	7.181818181818182
3.829861111111111	2.9612590799031477	6.030674846625767
4.061769616026711	2.730858468677494	7.476190476190476
3.7681159420289854	2.4690265486725664	7.242603550295858
4.070607553366174	2.963519313304721	7.678321678321678
4.195422535211268	2.990846681922197	8.213740458015268
4.17948717948718	2.8344827586206898	8.08
4.096505823627288	3.090308370044053	7.204081632653061
3.557142857142857	2.64	6.444444444444445
4.156829679595278	2.7346938775510203	8.282894736842104
3.6013986013986012	2.6771844660194173	5.98125
4.570234113712375	3.1415313225058004	8.25748502994012
4.03921568627451	2.6271604938271604	7.705128205128205
3.354014598540146	2.2335766423357666	6.7153284671532845
3.060329067641682	2.508557457212714	4.695652173913044
4.13986013986014	2.981176470588235	7.489795918367347
4.430579964850615	2.876513317191283	8.544871794871796
3.3926605504587157	2.4321608040201004	5.993197278911564
3.908108108108108	2.579326923076923	7.884892086330935
4.163732394366197	2.642679900744417	7.878787878787879
4.308562197092084	3.1153846153846154	8.006622516556291
3.8	2.7387173396674585	6.701298701298701
4.358585858585859	3.2970521541950113	7.4183006535947715
3.924865831842576	2.599502487562189	7.318471337579618
3.669187145557656	2.5572519083969465	6.882352941176471
3.8761061946902653	2.4937965260545907	7.314814814814815
3.5359019264448337	2.546511627906977	6.553191489361702
3.666086956521739	2.802325581395349	6.227586206896552
4.18804920913884	2.642523364485981	8.879432624113475
3.875451263537906	2.662531017369727	7.112582781456954
3.6403508771929824	2.481651376146789	7.41044776119403
3.683848797250859	2.9322799097065464	6.079136690647482
3.907063197026022	2.88	6.884057971014493
3.964349376114082	2.6185819070904643	7.5855263157894735
3.6082289803220036	2.6728971962616823	6.66412213740458
3.632911392405063	2.539719626168224	7.376
3.3402255639097747	2.338345864661654	6.345864661654136
3.485903814262023	2.462025316455696	7.248062015503876
3.859322033898305	2.9436936936936937	6.6438356164383565
3.6517241379310343	2.835526315789474	6.653225806451613
3.4192982456140353	2.514672686230248	6.574803149606299
3.3460207612456747	2.611111111111111	5.52054794520548
3.785840707964602	2.9071925754060324	6.611940298507463
3.3363636363636364	2.338129496402878	6.466165413533835
3.7412587412587412	2.75	6.6875
3.6290849673202614	2.884453781512605	6.235294117647059
3.7975778546712804	3.0894854586129754	6.213740458015267
3.9752380952380952	2.765743073047859	7.7265625
3.426829268292683	2.561822125813449	6.95575221238938
3.8484848484848486	2.707482993197279	7.137254901960785
3.872340425531915	3.2982832618025753	6.6020408163265305
3.7137989778534926	2.883720930232558	7.157894736842105
3.453590192644483	2.606741573033708	6.444444444444445
4.130996309963099	2.723809523809524	8.975409836065573
3.7575221238938052	2.8844444444444446	7.173913043478261
3.3738977072310408	2.5417607223476297	6.346774193548387
3.731123388581952	2.592857142857143	7.617886178861789
3.8284132841328415	2.980997624703088	6.776859504132231
3.8216123499142367	2.915032679738562	7.17741935483871
3.5653710247349824	2.7925764192139737	6.842592592592593
3.4927536231884058	2.454326923076923	6.669117647058823
4.426597582037997	2.7546296296296298	9.34013605442177
4.065140845070423	3.015695067264574	7.901639344262295
3.7974068071312805	2.9817813765182186	7.073170731707317
3.8150087260034904	2.973684210526316	7.094017094017094
4.301003344481606	3.26271186440678	8.19047619047619
4.235191637630662	2.7764976958525347	8.757142857142858
3.7065767284991566	3.106837606837607	5.952
3.3882575757575757	2.7872340425531914	5.809523809523809
3.6459016393442623	2.7784679089026914	6.94488188976378
3.7155172413793105	2.7951541850220263	7.031746031746032
3.563302752293578	2.8125	6.433628318584071
3.8416523235800346	2.890557939914163	7.695652173913044
3.939609236234458	3.044642857142857	7.426086956521739
3.4448217317487266	2.7653508771929824	5.774436090225564
3.325088339222615	2.663019693654267	6.10091743119266
3.918669131238447	2.6858513189448443	8.064516129032258
3.4285714285714284	2.5456674473067915	6.794642857142857
3.4922547332185885	2.708695652173913	6.471074380165289
3.4726027397260273	2.631004366812227	6.531746031746032
3.6461824953445063	2.986425339366516	6.71578947368421
3.9072727272727272	2.9510489510489513	7.297520661157025
3.528368794326241	2.6629464285714284	6.870689655172414
3.6118067978533093	2.7653508771929824	7.359223300970874
4.171075837742505	2.923076923076923	8.05072463768116
3.5400372439478587	2.8090692124105012	6.135593220338983
4.192982456140351	3.017467248908297	9.0
3.647985989492119	3.0527472527472526	5.982758620689655
4.0129449838187705	3.0542797494780793	7.316546762589928
3.7312925170068025	2.836559139784946	7.1138211382113825
3.6469534050179213	2.7062634989200864	8.23157894736842
3.6924428822495607	2.7454545454545456	6.922480620155039
3.579804560260586	2.819672131147541	6.523809523809524
4.022544283413849	3.1798418972332017	7.730434782608696
3.4198895027624308	2.5498839907192576	6.767857142857143
3.9218241042345277	2.952577319587629	7.565891472868217
3.5182724252491693	2.7627450980392156	7.706521739130435
3.4836488812392425	3.0	6.021505376344086
3.3074074074074074	2.593258426966292	6.652631578947369
3.6514598540145986	2.7586206896551726	7.088495575221239
3.7736185383244205	2.9541284403669725	6.632
3.554367201426025	2.87248322147651	6.228070175438597
3.557377049180328	2.908071748878924	6.368932038834951
3.4382402707275803	2.826175869120654	6.372549019607843
3.6221804511278197	2.6547619047619047	7.25
3.7807486631016043	3.0385487528344672	6.508333333333334
3.2844364937388195	2.4565701559020043	6.663636363636364
3.3358070500927646	2.7126696832579187	6.175257731958763
3.6206322795341097	2.957894736842105	6.119047619047619
3.590493601462523	2.968609865470852	6.336633663366337
3.598684210526316	3.0834951456310677	6.451612903225806
3.5371900826446283	3.0690335305719922	5.959183673469388
3.699130434782609	2.634819532908705	8.51923076923077
3.6095406360424027	2.79520697167756	7.102803738317757
3.486111111111111	2.6399132321041217	6.878260869565217
4.023008849557522	3.1485355648535567	8.827586206896552
3.694394213381555	2.8730853391684903	7.604166666666667
3.704861111111111	3.0652631578947367	6.712871287128713
3.7091836734693877	2.6319018404907975	9.030303030303031
3.943362831858407	3.202928870292887	8.011494252873563
3.900505902192243	3.117408906882591	7.808080808080808
3.8214904679376085	3.088888888888889	8.24390243902439
3.28494623655914	2.7290748898678414	5.711538461538462
3.56794425087108	3.073529411764706	5.969387755102041
3.9125	2.8969298245614037	8.365384615384615
3.7120141342756185	2.5381263616557734	8.74766355140187
3.7194719471947195	3.1195219123505975	6.615384615384615
3.92896174863388	2.70704845814978	9.76842105263158
3.6718213058419242	2.8961864406779663	7.0
3.2681660899653977	2.508403361344538	6.813725490196078
3.8894645941278068	3.0043103448275863	7.460869565217391
3.499145299145299	2.6265560165975104	7.58252427184466
3.8504347826086955	2.781052631578947	8.93
3.449820788530466	3.0	5.788888888888889
3.7404718693284935	3.0086580086580086	7.53932584269663
3.447080291970803	2.9671052631578947	5.826086956521739
3.5966101694915253	2.8383838383838382	7.5473684210526315
3.941580756013746	3.3100616016427105	7.178947368421053
3.5756521739130434	2.7991886409736306	8.24390243902439
3.6082289803220036	2.630901287553648	8.505376344086022
3.2292768959435625	2.7281947261663286	6.5675675675675675
3.6064981949458486	2.9658848614072495	7.141176470588236
3.279850746268657	2.5859030837004404	7.121951219512195
3.1358024691358026	2.8445807770961147	4.961538461538462
3.640144665461121	2.8431818181818183	6.743362831858407
3.5121951219512195	2.8782961460446246	7.37037037037037
3.4031413612565444	2.840080971659919	6.924050632911392
3.7005253940455343	3.063008130081301	7.670886075949367
3.2570356472795496	2.82039911308204	5.658536585365853
3.5229202037351444	3.165029469548134	5.8
3.7917355371900827	3.1082164328657313	7.009433962264151
3.22992700729927	2.7672955974842766	6.338028169014085
3.3412844036697247	2.7392241379310347	6.790123456790123
3.6895306859205776	2.985042735042735	7.523255813953488
3.6963946869070208	2.7595505617977527	8.78048780487805
3.9588607594936707	3.3018181818181818	8.365853658536585
3.074829931972789	2.776908023483366	5.0519480519480515
3.6256781193490055	3.1683778234086244	7.0
4.744897959183674	4.288201160541586	8.070422535211268
3.2574074074074075	2.6130434782608694	6.9625
4.024752475247524	3.302281368821293	8.775
3.3979591836734695	2.856589147286822	7.277777777777778
3.580357142857143	3.1535353535353536	6.8307692307692305
4.051369863013699	3.2495049504950497	9.177215189873417
3.1137123745819397	2.6731517509727625	5.809523809523809
3.6533996683250414	3.0438931297709924	7.69620253164557
3.106060606060606	2.588495575221239	6.184210526315789
3.794453507340946	3.1816443594646273	7.355555555555555
3.467600700525394	3.0408997955010224	6.012195121951219
3.7671451355661882	3.087686567164179	7.769230769230769
3.402376910016978	2.8031189083820665	7.447368421052632
3.2929475587703436	2.597916666666667	7.863013698630137
3.2615384615384615	2.949317738791423	5.486111111111111
3.57679180887372	2.883399209486166	7.9625
4.008944543828265	3.2172131147540983	9.450704225352112
3.2982456140350878	2.974	5.614285714285714
3.901192504258944	3.3588235294117648	7.4935064935064934
3.6065857885615253	3.096078431372549	7.492537313432836
3.5421903052064634	3.0369609856262834	7.057142857142857
3.48526863084922	2.94831013916501	7.135135135135135
3.595890410958904	3.0826771653543306	7.026315789473684
3.5043936731107204	2.998054474708171	8.236363636363636
3.059245960502693	2.570576540755467	7.611111111111111
3.099476439790576	2.6557692307692307	7.452830188679245
3.4225352112676055	2.9474708171206228	7.944444444444445
3.914927768860353	3.185185185185185	8.662650602409638
3.4134453781512604	2.920388349514563	6.5875
3.436332767402377	2.8072519083969465	8.507692307692308
3.5360281195079084	3.06813627254509	6.871428571428571
3.188135593220339	2.7338403041825097	6.921875
3.2934027777777777	2.699604743083004	7.585714285714285
3.0942698706099816	2.74012474012474	5.933333333333334
3.530224525043178	3.235294117647059	5.7101449275362315
3.5032894736842106	2.9548022598870056	7.285714285714286
3.327838827838828	2.8773006134969323	7.192982456140351
3.414429530201342	2.9851301115241635	7.396551724137931
3.2687074829931975	2.960377358490566	6.086206896551724
3.579524680073126	3.05811623246493	9.0
3.4123893805309735	2.890909090909091	7.1
3.225	2.930841121495327	5.6461538461538465
3.27027027027027	2.7586206896551726	7.338709677419355
3.164855072463768	2.644578313253012	7.962962962962963
3.3868092691622103	2.8707753479125246	7.862068965517241
3.4380776340110906	2.724066390041494	9.271186440677965
3.5638474295190714	3.081593927893738	6.907894736842105
3.4193548387096775	2.9171597633136095	8.411764705882353
3.2149532710280373	2.810810810810811	6.814814814814815
3.0932539682539684	2.6300448430493275	6.655172413793103
3.784029038112523	3.0991902834008096	9.719298245614034
3.8010657193605684	3.2700587084148727	9.01923076923077
3.0816696914700543	2.647887323943662	7.074074074074074
3.0760667903525047	2.7545638945233266	6.521739130434782
3.27580372250423	3.100732600732601	5.4
2.931166347992352	2.6369426751592355	5.596153846153846
3.33617747440273	3.1046728971962616	5.764705882352941
3.3807763401109057	2.898550724637681	7.396551724137931
3.2385159010600706	2.69	7.393939393939394
2.991596638655462	2.643911439114391	6.547169811320755
3.1849816849816848	2.9136546184738954	6.0
3.4899817850637525	3.088	7.591836734693878
3.8190789473684212	3.4747292418772564	7.351851851851852
3.0019083969465647	2.5439330543933054	7.760869565217392
3.2378472222222223	2.8190476190476192	7.549019607843137
3.0283185840707967	2.9134615384615383	4.355555555555555
3.082167832167832	2.8358208955223883	6.75
2.8097731239092494	2.5900383141762453	5.0588235294117645
3.7711864406779663	3.12639405204461	10.442307692307692
3.2767710049423395	3.097122302158273	5.235294117647059
3.0875	2.87866927592955	5.26530612244898
3.4124087591240877	3.029940119760479	7.48936170212766
3.0634328358208953	2.831967213114754	5.416666666666667
3.3557522123893806	3.18359375	5.018867924528302
3.089788732394366	2.8671726755218216	5.951219512195122
3.170909090909091	2.8408644400785854	7.2682926829268295
3.3280977312390925	3.0284629981024667	6.760869565217392
3.743150684931507	3.2402957486136783	10.069767441860465
3.2083333333333335	2.807017543859649	8.487179487179487
3.1989528795811517	2.958724202626642	6.4
3.225988700564972	2.960905349794239	6.088888888888889
2.832369942196532	2.5083333333333333	6.82051282051282
3.05956678700361	2.759223300970874	7.0256410256410255
2.9693693693693692	2.78515625	5.162790697674419
3.0484739676840213	2.9129593810444874	4.8
3.052910052910053	2.732824427480916	6.953488372093023
3.2632508833922262	2.8646616541353382	9.5
2.9651376146788992	2.885880077369439	4.428571428571429
3.2559322033898304	3.0496323529411766	5.695652173913044
3.1220735785953178	2.946524064171123	5.783783783783784
3.04275092936803	2.891304347826087	5.4375
3.126537785588752	2.7904761904761903	7.136363636363637
2.8469750889679717	2.7444029850746268	4.961538461538462
3.401006711409396	2.9480286738351253	10.052631578947368
3.131205673758865	2.9165085388994307	6.1891891891891895
3.0431778929188256	2.9337016574585637	4.694444444444445
3.4009661835748792	3.1728813559322036	7.741935483870968
3.5439856373429084	3.296511627906977	6.658536585365853
3.4696707105719238	3.1090225563909772	7.733333333333333
3.2363945578231292	3.032142857142857	7.321428571428571
3.54228855721393	3.3508771929824563	6.848484848484849
2.964349376114082	2.8752362948960304	4.4375
3.503401360544218	3.263913824057451	7.806451612903226
3.08957654723127	2.909710391822828	7.0
3.351629502572899	3.077064220183486	7.2894736842105265
3.136824324324324	2.9676840215439855	5.828571428571428
3.4581939799331103	3.0930232558139537	8.692307692307692
3.1739864864864864	2.998233215547703	7.0
3.58273381294964	3.2770398481973433	9.137931034482758
2.8941176470588235	2.811088295687885	4.6521739130434785
3.3900184842883547	3.0274509803921568	9.35483870967742
3.2962962962962963	3.158450704225352	6.3076923076923075
3.1094619666048238	2.9007782101167314	7.4
2.9044117647058822	2.733075435203095	6.185185185185185
3.4764309764309766	3.236521739130435	10.736842105263158
3.072595281306715	2.853846153846154	6.741935483870968
3.0984182776801408	2.93040293040293	7.086956521739131
3.085185185185185	2.697495183044316	12.666666666666666
3.240863787375415	3.0349040139616057	7.310344827586207
3.323529411764706	3.096539162112933	7.620689655172414
2.4483985765124556	2.3389199255121045	4.8
3.212978369384359	3.1452991452991452	5.6875
3.0089605734767026	2.7834274952919023	7.444444444444445
3.175767918088737	3.0518783542039354	5.7407407407407405
3.174358974358974	3.015845070422535	8.470588235294118
2.743859649122807	2.6863468634686347	3.857142857142857
2.700374531835206	2.533980582524272	7.2105263157894735
3.0090909090909093	2.8342749529190208	7.894736842105263
3.2058823529411766	3.07378640776699	5.551724137931035
3.4256410256410255	3.0409252669039146	12.826086956521738
2.905084745762712	2.814487632508834	5.041666666666667
3.274582560296846	3.0309477756286265	9.0
3.222608695652174	3.117229129662522	8.166666666666666
2.9980842911877397	2.83629191321499	8.466666666666667
3.1515679442508713	3.1101243339253997	5.2727272727272725
2.9419795221843	2.8609154929577465	5.5
3.054249547920434	2.898854961832061	5.862068965517241
2.9911504424778763	2.8610603290676417	6.944444444444445
3.0766666666666667	2.9345955249569706	7.421052631578948
3.3573825503355703	3.3090277777777777	4.75
3.306368330464716	3.1315789473684212	12.363636363636363
3.4779541446208113	3.4285714285714284	5.428571428571429
3.446654611211573	3.221189591078067	11.533333333333333
3.0247349823321557	2.9837545126353793	4.916666666666667
3.2993079584775087	3.1982300884955754	7.6923076923076925
3.3502454991816695	3.2637729549248746	7.666666666666667
3.267950963222417	3.215547703180212	9.2
3.132142857142857	3.074681238615665	6.0
2.7842778793418645	2.740740740740741	6.142857142857143
2.9571428571428573	2.96028880866426	2.6666666666666665
3.164874551971326	3.010948905109489	11.6
2.7526690391459074	2.7590579710144927	2.4
2.6899810964083177	2.6743295019157087	3.857142857142857
3.1581632653061225	3.152512998266898	3.4545454545454546
3.280639431616341	3.1941923774954626	7.25
2.973309608540925	2.949458483754513	4.625
2.9265442404006676	2.9074074074074074	5.2
3.1401869158878504	3.1203007518796992	6.666666666666667
2.9509306260575294	2.8790459965928448	13.5
3.377703826955075	3.295798319327731	11.5
2.9160839160839163	2.887323943661972	7.0
3.1174438687392056	3.111304347826087	4.0
2.925531914893617	2.926916221033868	2.6666666666666665
3.074275362318841	2.9925925925925925	6.75
2.856115107913669	2.864376130198915	1.3333333333333333
2.9872262773722627	2.9817184643510055	6.0
3.136283185840708	3.120567375886525	12.0
3.1649122807017545	3.170774647887324	1.5
3.1767764298093586	3.048780487804878	27.666666666666668
2.8946428571428573	2.8980322003577816	1.0
2.8891013384321225	2.836852207293666	16.5
2.784697508896797	2.784697508896797	0
2.9340277777777777	2.9340277777777777	0
3.35929203539823	3.35929203539823	0
3.0123456790123457	3.0123456790123457	0
3.110726643598616	3.110726643598616	0
2.635135135135135	2.635135135135135	0
42.18896321070234	42.18896321070234	0
21.83676975945017	21.83676975945017	0
20.23076923076923	20.23076923076923	0
11.101532567049809	11.101532567049809	0
